name,address,review_score,review_count,Vị trí,Dịch vụ,Đáng giá tiền,Cơ sở vật chất,Độ sạch sẽ,bep,bua_sang,san_gon,may_giat,dua_don_san_bay,phong_tap,don_phong_hang_ngay,duoc_phep_mang_thu_nuoi,bai_do_xe,Giá trước,Giá sau
Khách sạn Ngân Hà (Ngan Ha Hotel),"406, Tran Phu, Quận 5, Hồ Chí Minh, Việt Nam, 70000","7,4",461,8.1,7.7,7.3,7.0,7.3,0,0,0,0,1,0,1,1,1,506.447,342.593
CityHouse - MTA Calmette,"No. 54, Calmette Street, Nguyen Thai Binh Ward, Cityhouse MTA Calmette, Cityhouse MTA Calmette, Quận 1, Hồ Chí Minh, Việt Nam","9,2",139,9.4,9.7,9.4,9.0,9.4,0,0,0,0,0,0,1,1,0,1.983.032,820.653
Khách sạn My Friend (My Friend Hotel),"572B/4 Trần Hưng Đạo, Phường 2, quận 5, thành phố Hồ Chí Minh, Quận 5, Hồ Chí Minh, Việt Nam, 72709","7,8",228,7.9,8.4,8.0,7.3,7.5,0,0,1,0,1,0,1,1,1,750.000,303.568
PJ Hotel & Apartment - Thao Dien,"9/11 đường Số 64, phường Thảo Điền, Quận 2, Hồ Chí Minh, Việt Nam, 70000","6,0",17,6.2,6.5,6.1,5.6,5.6,0,0,0,0,0,0,0,1,1,Không có giá trước,Không có giá sau
The Spring Hotel,"44-46 Lê Thánh Tôn, Quận 1 , Quận 1, Hồ Chí Minh, Việt Nam, 710000","8,2",1972,8.9,8.3,8.1,7.2,7.8,1,1,0,0,1,0,1,1,1,1.180.400,668.388
Ekomo Home,"102/42 Cong Quynh, Ward Pham Ngu Lao, District 1, Ho Chi Minh City, Quận 1, Hồ Chí Minh, Việt Nam, 71013","8,8",1020,8.9,9.4,9.0,8.5,9.0,1,0,0,1,1,0,1,1,1,905.675,560.807
GOLDEN SUN Hotel Apartments,"No. 72, Phan Khiem Ich Street, Tan Phong Ward, Vietnam, Quận 7, Hồ Chí Minh, Việt Nam, 756600","7,6",261,8.1,7.8,7.6,7.4,7.3,1,0,0,0,0,0,1,1,1,Không có giá trước,561.000
KHÁCH SẠN BLUE DIAMOND 8B (BLUE DIAMOND 8B Hotel),"8B-8C đường Lê Thánh Tôn, phường Bến Nghé,, Quận 1, Hồ Chí Minh, Việt Nam, 70000","8,1",1649,8.8,8.3,7.9,7.6,8.1,0,1,0,0,1,0,1,1,1,Không có giá trước,1.167.430
M Village Living Tú Xương,"No. 6D, Tu Xuong, Vo Thi Sau Ward, District 3, Quận 3, Hồ Chí Minh, Việt Nam, 700000","9,2",436,9.3,9.5,9.3,9.0,9.5,0,0,0,1,1,0,0,1,1,1.866.563,783.643
"Chung cư 25 m² 1 phòng ngủ, 1 phòng tắm riêng ở Quận 1 (HOSTIESAIGON WANDERLUST HOME)","214/B14 Nguyen Trai, Nguyen Cu Trinh Ward, District 1, Quận 1, Hồ Chí Minh, Việt Nam","8,7",723,8.9,9.2,8.9,8.6,8.9,1,1,0,1,1,1,1,1,1,Không có giá trước,412.213
Hoang Lan Hotel,"107/16 Trương Định, Quận 3, Hồ Chí Minh, Việt Nam, 7222","9,2",1744,9.1,9.5,9.4,9.0,9.6,1,1,0,0,1,1,1,1,1,1.921.080,1.041.531
La Serena Hotel & Apartment,"18 Hưng Phước 4 , Quận 7, Hồ Chí Minh, Việt Nam, 70000","8,5",657,8.8,8.5,8.5,8.1,8.2,1,0,0,1,0,0,1,1,1,Không có giá trước,Không có giá sau
Mai Phuong - Ruby Sai Gon Hotel,"No. 213, Dong Den, Ward 11, Tan Binh District, Ho Chi Minh City 24, Vietnam, 24, Tân Bình, Hồ Chí Minh, Việt Nam, 74000","8,2",236,8.7,9.0,8.5,7.9,8.3,1,0,0,0,1,0,1,1,1,576.973,344.220
9Trip Stay in Zenity Residence - Căn hộ dịch vụ 5 sao (9Trip Stay in Zenity Residence - 5 Star Service Apartment),"608 V&#245; Văn Kiệt, Quận 1, Hồ Chí Minh, Việt Nam, 70000","8,1",55,8.1,8.3,8.7,8.5,8.2,0,0,0,0,1,0,0,1,0,Không có giá trước,Không có giá sau
Khách Sạn Đức Vượng 2 (Duc Vuong 2 Hotel),"348 Cao Thang St., District 10, Quận 10, Hồ Chí Minh, Việt Nam, 70000","7,9",285,7.9,8.4,8.0,7.5,7.9,0,0,0,0,1,0,1,1,1,1.174.724,531.610
In Urban Cat Lai,"No. 96, Road 6, Binh Trung Tay Ward, Quận 2, Hồ Chí Minh, Việt Nam","9,3",20,8.7,9.4,9.6,9.7,9.9,1,0,0,0,0,0,1,1,1,900.000,670.900
Vintage Park View - Hoang Phi Hotel,"No. 313, Pham Ngu Lao, Pham Ngu Lao Ward, District 1, Ho Chi Minh City, 313 Phạm Ngũ Lão, phường Phạm Ngũ Lão,, Quận 1, Hồ Chí Minh, Quận 1, Hồ Chí Minh, Việt Nam","7,2",1114,8.4,7.4,6.9,6.2,6.3,1,1,0,0,1,0,1,1,1,1.587.302,316.024
La Palma - Khách sạn Garden Sài Gòn Phú Mỹ Hưng (La Palma - Garden Saigon Hotel Phu My Hung),"25 - 27 Hưng Phước 1, Phường Tân Phong, Phú Mỹ Hưng, Quận 7, Quận 7, Hồ Chí Minh, Việt Nam, 70000","8,9",798,9.2,9.3,9.1,8.7,8.9,1,1,0,0,1,0,1,1,1,1.155.244,734.120
Khách Sạn Viễn Đông - Phú Mỹ Hưng (Vien Dong Hotel - Phu My Hung),"R4 27 28 Đường Số 6, Hưng Phước 3, Khu Đô Thị Phú Mỹ Hưng, Quận 7, Quận 7, Hồ Chí Minh, Việt Nam, 700000","7,4",653,8.0,7.7,7.6,6.9,7.1,1,1,1,0,1,0,1,1,1,3.000.000,384.798
Khu nghỉ dưỡng Les Hameaux de l'orient (Les Hameaux de l'orient Resort),"Số 29 đường Phan Thị Mọn, Ấp R ng, X Trung Lập Thượng, Huyện Củ Chi, Huyện Củ Chi, Hồ Chí Minh, Việt Nam, 70000","8,0",363,7.8,8.5,8.2,7.7,8.1,1,1,0,1,1,1,1,1,1,1.300.000,1.025.471
Khách sạn & Căn hộ Atlas (Atlas Hotel & Apartments),"Hung Phuoc 4 - 43 Atlas Apartments, District 7, Ho Chi Minh City, Vietnam, Quận 7, Hồ Chí Minh, Việt Nam, 70000","8,2",444,8.8,8.3,8.3,7.9,8.4,1,0,1,1,0,0,1,1,1,479.608,329.394
Khách sạn Cozy (Cozy Hotel - 140 Cong Quynh),"140 Cong Quynh, Pham Ngu Lao Ward, Quận 1, Hồ Chí Minh, Việt Nam","8,6",692,8.9,8.9,8.9,7.9,8.7,0,0,0,1,1,0,1,1,1,619.592,563.150
Căn hộ Cherry - Trung tâm Thảo Điền (Cherry apartment - Thao Dien Centre),"9/5 Đường số 10, Quận 2, Hồ Chí Minh, Việt Nam, 700000","8,5",505,8.7,8.9,8.8,8.6,8.8,1,0,0,1,0,0,1,1,1,800.000,503.709
Cactusland Gần Sân Bay Tân Sơn Nhất (Cactusland Near Tan Son Nhat Airport),"251/8 Nguyen Van Troi, Phuong 10, Quan Phu Nhuan, Phú Nhuận, Hồ Chí Minh, Việt Nam, 70000","8,8",425,9.0,9.2,9.1,8.4,8.7,1,0,1,0,1,1,0,1,1,Không có giá trước,Không có giá sau
Wabi Sabi - Saigon Hideout Ben Thanh,"194 Cô Giang, Phường Cô Giang, Quận 1, Hồ Chí Minh, Việt Nam, 70000","7,6",133,7.6,7.2,7.4,7.3,7.6,1,0,0,0,0,0,1,1,0,789.200,318.519
A25 Hotel - 255 Le Thanh Ton,"255 Le Thanh Ton, Ben Thanh, Quan 1, Ho Chi Minh, Quận 1, Hồ Chí Minh, Việt Nam, 7000","8,1",655,9.2,8.6,8.4,7.7,8.2,0,1,0,0,1,0,1,1,1,2.380.414,891.029
TPHOMES LAKEVIEW,"No. 5, 120 Đ, Lakeview City Urban Area, Quận 2, Hồ Chí Minh, Việt Nam","8,0",152,8.0,8.5,8.0,7.9,8.3,1,0,0,0,0,0,0,1,1,1.873.497,820.024
Doha 2 Hotel Saigon Airport,"2/3 Hong Ha Street, Ward 2, Tân Bình, Hồ Chí Minh, Việt Nam, 700000","7,4",197,8.5,7.5,7.4,6.9,7.4,1,0,1,0,1,0,1,1,1,1.000.000,826.966
Căn hộ dịch vụ Saigon Court (Saigon Court Serviced Apartment),"149 Nguyễn Đình Chiểu, Phường 6, Quận 3 , Quận 3, Hồ Chí Minh, Việt Nam, 70000","8,4",99,8.2,9.0,8.3,8.1,8.8,1,1,1,1,1,1,1,1,1,Không có giá trước,1.920.635
Cosy Hotel,"Room 7, 2, No. 527, Phan Van Tri Street, Ward 5, Go Vap, Gò Vấp, Hồ Chí Minh, Việt Nam","8,9",34,9.1,9.2,9.0,8.9,9.3,0,0,0,0,1,0,1,1,1,500.000,403.207
Khách sạn Nesta Sài Gòn (Nesta Hotel Saigon),"34-36 Thủ Khoa Huân, Bến Thành, Quận 1, Thành phố Hồ Chí Minh, Quận 1, Hồ Chí Minh, Việt Nam, 700000","8,3",2126,9.2,8.7,8.2,7.9,8.4,0,1,0,0,0,0,1,1,0,2.500.000,1.192.195
Fide Hotel,"474 Phạm Thái Bường, P. Tân Phong, Q.7, TP. Hồ Chí Minh, Quận 7, Hồ Chí Minh, Việt Nam, 70000","8,4",221,8.2,8.7,8.8,7.9,8.9,1,1,1,0,1,0,1,1,1,1.041.063,439.830
The River Park Hotel,"101-103 Phạm Thái Bường, Phường Tân Phong, Quận 7, Quận 7, Hồ Chí Minh, Việt Nam, 756000","9,2",249,9.1,9.3,9.2,8.7,9.1,0,1,0,0,1,0,1,1,1,1.600.000,703.271
LUM Apartment Saigonroyal,"9 Nguyen Truong To, Phuong 12, Saigonroyal Residence, Saigonroyal Residence , Quận 4, Hồ Chí Minh, Việt Nam, 70000","8,3",197,6.0,6.0,6.0,6.0,6.0,1,0,0,1,1,0,1,1,1,Không có giá trước,Không có giá sau
The Metropole Luxury Residence by Bevista,"5 Đ. D6, An Khanh Ward, Quận 2, Hồ Chí Minh, Việt Nam, 713000","8,7",26,8.8,8.3,8.5,8.2,8.7,1,0,1,1,1,1,1,1,1,8.729.232,2.828.311
Khách sạn và Căn hộ El Ocaso (El Ocaso hotel and apartments),"Internal Road, Hung Phuoc 2, District 7, Quận 7, Hồ Chí Minh, Việt Nam, 70000","9,0",975,9.3,9.2,9.0,8.7,8.9,1,0,0,0,0,0,1,1,1,707.425,596.720
Kansas Hotel & Apartment - Notre Dame,"8a/a18 Thai Van Lung, Ben Nghe Ward, District 1, Ho Chi Minh, Quận 1, Hồ Chí Minh, Việt Nam, 700000","8,0",629,8.2,8.3,8.2,7.9,8.1,1,0,0,0,0,0,1,1,0,979.578,403.824
Celavie Services Apartments Vinhomes & Landmark 81,"Room 720A, Dien Bien Phu St, Vinhomes Tan Cang, Bình Thạnh, Hồ Chí Minh, Việt Nam, 72300","8,2",156,8.9,8.2,8.3,8.2,8.2,1,0,0,1,1,0,0,1,1,1.981.438,1.169.320
White Lotus - Boutique,"76e Phạm Viết Chánh, White Lotus - Boutique Hotel, Bình Thạnh, Hồ Chí Minh, Việt Nam","8,9",189,8.8,9.5,8.9,8.5,9.4,1,1,0,0,1,0,1,1,0,1.245.890,895.630
Henry Home - RiverGate Residence,"No. 151, Ben Van Don Street, River Gate, Quận 4, Hồ Chí Minh, Việt Nam, 72808","8,4",229,9.1,8.7,8.7,8.5,8.4,1,1,0,1,0,1,0,1,1,2.473.000,797.255
Hotel Sunny Saigon,"256 Đường Đề Th m, Phường Phạm Ngũ L o, Quận 01., Quận 1, Hồ Chí Minh, Việt Nam, 700000","7,1",2762,8.1,7.4,7.2,6.3,6.8,1,1,0,0,1,0,1,1,0,1.146.384,257.466
LILA Hotel & Apartments,"94 Cao Triều Phát, LILA Hotel & Apartments, Quận 7, Hồ Chí Minh, Việt Nam","8,9",378,9.3,9.4,9.1,8.7,9.0,0,0,0,0,0,0,1,1,1,972.720,779.835
Amango Home Tran Hung Dao,"Room 391, TK39, No. 23 Trần Hưng Đạo, Cầu Kho, Vietnam, Quận 1, Hồ Chí Minh, Việt Nam, 700000","8,4",587,7.6,7.6,7.9,7.4,8.0,1,0,0,0,1,0,1,1,1,653.989,537.293
Silverland Bến Thành (Silverland Ben Thanh),"14 -16 Le Lai, Quận 1, Hồ Chí Minh, Việt Nam, 700000","9,2",4321,9.7,9.6,9.1,9.1,9.4,0,1,0,0,1,1,0,1,1,4.912.383,2.467.284
Mother's Home,"72 Nguyen Khoai, Ward 2, District 4, Quận 4, Hồ Chí Minh, Việt Nam, 700000","8,7",148,8.8,9.4,9.2,9.0,9.4,1,0,0,1,0,0,1,1,1,1.500.000,703.956
Luong Huu Khanh Homestay - Centre District 1,"No. 23, Luong Huu Khanh, Phuong Pham Ngu Lao, Vietnam, Quận 1, Hồ Chí Minh, Việt Nam, 70000","8,6",227,8.9,8.8,8.9,8.6,8.7,1,0,0,0,0,0,1,1,1,737.709,539.486
Khách sạn Saigon Central (Saigon Central Hotel ),"51 Co Bac, Cau Ong Lanh Ward, Quan 1, Ho Chi Minh, Quận 1, Hồ Chí Minh, Việt Nam, 71015","8,1",1111,8.3,8.1,7.8,7.1,7.6,1,1,0,0,1,0,1,1,1,501.173,452.405
Liberty 2 Hotel,"129-133 H&#224;m Nghi, Quận 1 , Quận 1, Hồ Chí Minh, Việt Nam,","7,7",1052,8.5,8.0,7.7,6.9,7.4,0,1,0,1,1,0,1,1,0,1.421.080,885.939
MK Studio,"319, Lien Phuong Street, Phu Huu Ward, Thu Duc City, HCMC, Quận 9, Hồ Chí Minh, Việt Nam, 70000","8,8",109,8.5,9.2,9.3,9.0,9.2,0,1,0,0,0,0,0,1,1,660.000,407.713
Somerset Thành phố Hồ Chí Minh (Somerset Ho Chi Minh City),"8A Nguyễn bỉnh khiêm, quận 1, Quận 1, Hồ Chí Minh, Việt Nam,","8,8",5505,8.5,8.9,9.0,8.8,9.1,1,1,0,0,1,1,1,1,1,4.583.939,2.812.500
M Village Living Cao Thắng,"124/1 Cao Thắng, Phường 4, Quận 3, M Village, Quận 3, Hồ Chí Minh, Việt Nam, 700000","9,1",416,9.3,9.6,9.2,9.1,9.5,1,0,0,1,1,0,0,1,1,1.636.308,876.056
Happy Homes Bến Thành Central (Happy Homes Ben Thanh Central),"28 Trinh Van Can, phuong Cau Ong Lanh,D1, Quận 1, Hồ Chí Minh, Việt Nam, 700000","7,6",417,8.6,8.0,7.7,7.0,7.2,1,0,0,0,1,0,1,1,1,721.703,406.708
S79 Sai Gon Hotel Bui Vien,"40/13 - 29 Bui Vien Street, District 1, Quận 1, Hồ Chí Minh, Việt Nam, 70000","8,0",425,8.5,8.4,8.1,7.3,7.9,0,1,0,0,1,0,1,1,1,Không có giá trước,Không có giá sau
Nhà dân Super OYO 520 Friendly (Super OYO 520 Friendly Homestay ),"Room A70A, 212, Nguyen Trai, Nguyen Cu Trinh Ward, District 1, Ho Chi Minh City, Vietnam, Quận 1, Hồ Chí Minh, Việt Nam, 700000","7,7",909,8.3,7.6,8.0,7.2,7.8,1,0,0,0,0,0,1,1,1,784.706,392.640
Riverside Serviced Apartments,"53 Võ Trường Tỏan, Phường Thảo Điền, TP. Thủ Đức , Quận 2, Hồ Chí Minh, Việt Nam, 70000","8,3",824,8.1,8.5,8.4,8.4,8.5,1,1,0,1,1,1,1,1,1,4.414.590,2.099.448
SEN Vivian,"15a/50 L&#234; Th&#225;nh T&#244;n , Quận 1, Hồ Chí Minh, Việt Nam, 70000","8,7",1248,9.1,9.0,8.9,8.3,8.6,0,0,0,0,0,0,0,1,0,800.000,386.443
Căn hộ dịch vụ INDO (INDO Serviced Apartment),"8A/6C2 Thai Van Lung, Quận 1, Hồ Chí Minh, Việt Nam","8,6",940,9.2,9.4,8.8,8.1,8.0,1,1,0,1,1,1,1,1,1,1.088.287,1.068.796
Camila Hotel Saigon,"3 Sông đà, Phường 2, Tân Bình, Hồ Chí Minh, Việt Nam, 700000","8,4",701,8.5,8.7,8.5,7.8,8.6,0,1,0,0,0,1,1,1,1,1.116.267,736.814
Bin Bin Hotel 8 - Near Sunrise City District 7,"16 Đường số 1, Quận 7, Hồ Chí Minh, Việt Nam, 72900","8,5",146,9.0,9.2,8.9,8.8,9.1,0,0,0,0,0,0,1,1,1,880.000,616.012
BALLANTINE HOTEL,"68 Lê Văn Thiêm, BALLANTINE HOTEL, Quận 7, Hồ Chí Minh, Việt Nam, 72900","8,7",369,9.0,9.3,8.8,8.6,8.8,0,1,0,0,0,0,1,1,1,2.650.000,1.336.516
Acnos grand Hotel,"82 Đường Cách Mạng Tháng 8, Quận 3, Hồ Chí Minh, Việt Nam, 700000","8,3",534,8.6,8.8,8.5,8.5,8.8,1,1,0,0,1,1,1,1,0,Không có giá trước,1.276.291
Khách Sạn Royal Sài Gòn (Royal Hotel Saigon),"133 Đại Lộ Nguyễn Huệ, Quận 1, Quận 1, Hồ Chí Minh, Việt Nam,","8,3",4512,9.2,8.3,8.0,7.7,8.1,1,1,1,0,1,1,1,1,1,9.061.007,3.532.928
The MarQ Luxury by KVG Suite Apartment,"The Marq Luxury Building, Nguyen Dinh Chieu, Da Kao Ward, District 1, Ho Chi Minh City, Vietnam, Quận 1, Hồ Chí Minh, Việt Nam, 71000","2,0",1,Không có,Không có,2.0,Không có,Không có,1,0,0,0,1,0,1,1,1,Không có giá trước,Không có giá sau
Khách sạn Minh Hoàng (Minh Hoang Hotel),"74 Binh Gia, Ward 13, Tan BInh Dist, Tân Bình, Hồ Chí Minh, Việt Nam, 70000","8,2",761,8.2,8.8,8.5,7.9,8.4,1,0,0,0,1,0,1,1,1,596.011,365.107
Saigon Rivergate Free City Walk Experience,"Room 151-155, Ben Van Don Street, Ward 6, RiverGate Apartment, Saigon, RiverGate Apartment Saigon, Quận 4, Hồ Chí Minh, Việt Nam, 754522","8,7",38,9.1,9.1,8.9,8.9,9.2,1,0,0,1,1,1,1,1,1,1.572.560,593.052
Tago Boutique,"96 Đường Đề Thám, Phường Cầu Ông Lãnh, Quận 1, Thành phố Hồ Chí Minh, Việt Nam, Quận 1, Hồ Chí Minh, Việt Nam, 70000","8,4",98,8.7,8.6,8.6,8.3,8.7,0,0,0,0,0,0,0,1,0,2.270.138,567.535
Khách Sạn Sân Bay Victory (Victory Airport Hotel),"96 Yên Thế, Phường 2, Quận Tân Bình, Thành phố Hồ Chí Minh, Việt Nam, Tân Bình, Hồ Chí Minh, Việt Nam, 700000","8,2",966,8.7,8.8,8.1,7.4,8.0,1,1,1,0,1,1,1,1,1,Không có giá trước,516.098
Bình Triệu Hotel - Gò Vấp,"No. 8, Lane 234, Le Duc Tho, Ward 6, Go Vap District, Ho Chi Minh City, Gò Vấp, Hồ Chí Minh, Việt Nam, 700000","8,7",112,9.2,9.2,9.4,8.8,9.2,0,0,0,0,0,0,1,1,1,1.621.728,381.111
Like Hotel,"225 B&#236;nh Long, Binh Hung Hoa A ward, Binh Tan district, Ho Chi Minh city, Bình Tân, Hồ Chí Minh, Việt Nam, 70000","8,3",101,8.5,9.2,8.8,8.3,8.5,0,0,0,0,0,0,1,1,1,800.000,466.667
Cozrum Homes Charming Corner 2,"453/48 Nguyen Dinh Chieu, Ward 5, District 3, Quận 3, Hồ Chí Minh, Việt Nam, 700000","7,7",274,8.2,7.9,8.0,7.9,7.8,1,0,0,0,0,0,0,1,0,603.583,396.696
Nexus House Cây Điệp,"No. 161, Cay Diep Street, Da Kao, Quận 1, Hồ Chí Minh, Việt Nam, 700000","8,6",129,8.6,9.1,8.8,8.1,8.2,1,0,0,0,0,0,1,1,0,1.661.128,890.995
Signy House City Center,"No. A52 Nguyen Trai, Nguyen Cu Trinh Ward, Quận 1, Hồ Chí Minh, Việt Nam, 00700","8,3",41,9.6,9.0,9.2,8.5,9.5,1,0,0,0,0,0,1,1,1,1.236.589,572.098
Bui Vien Street Hostel,"28/23-25 Bùi Viện, 28/23-25 Bùi Viện, Quận 1, Hồ Chí Minh, Việt Nam, 700000","8,8",583,9.2,9.1,8.5,8.5,8.7,1,0,0,0,1,0,1,1,0,Không có giá trước,Không có giá sau
KHÁCH SẠN ZAZZ URBAN HỒ CHÍ MINH (ZAZZ URBAN HO CHI MINH HOTEL),"28 Sư Vạn Hạnh, P.9, Quận 5, Hồ Chí Minh, Việt Nam, 70000","8,7",1406,8.7,9.1,8.7,8.5,9.2,1,1,0,0,0,1,1,1,0,2.073.244,1.319.077
Bin Bin Hotel 9 Near Tam Anh Hospital,"No. 24, Street No. 1, Tan Hung, Quận 7, Hồ Chí Minh, Việt Nam, 729000","8,9",174,9.1,9.3,9.1,8.8,9.5,0,0,0,0,0,0,1,1,1,Không có giá trước,787.037
Vuong Tai Hotel,"20 Luu Van Lang St., District 1, Quận 1, Hồ Chí Minh, Việt Nam, 70000","8,2",457,9.1,8.4,8.2,7.5,8.6,1,1,0,0,1,0,1,1,1,1.559.655,755.407
CityHouse - Atelier,"45 Nguyen Duy Hieu st, Thao Dien Ward, Quận 2, Hồ Chí Minh, Việt Nam, 700000","8,8",496,9.4,8.7,9.0,8.6,9.0,1,0,1,0,0,1,1,1,1,2.255.971,1.466.314
Khách sạn & Căn hộ Golden Sun (Golden Sun Apartment & Hotel),"153 STREET NUMBER 10, TAN PHONG WARD, DISTRICT 7, HCMC, Quận 7, Hồ Chí Minh, Việt Nam, 70000","9,3",295,9.3,9.3,9.4,8.9,9.5,1,0,1,0,0,0,1,1,1,1.732.693,1.208.371
The Royal Sky - Phu My Hung,"73 Đường số 2 Khu phố Hưng Gia 2, Phường T n Phong, Quận 7, Quận 7, Hồ Chí Minh, Việt Nam, 700000","9,0",53,9.0,9.4,9.2,8.7,9.3,0,1,0,0,1,1,1,1,1,2.505.849,770.531
Khách sạn Lá Bình Tân (La Hotel Binh Tan),"184 đường số 1A, Phường Bình Trị Đông B, Bình Tân, Hồ Chí Minh, Việt Nam, 70000","7,6",162,8.0,8.2,7.7,7.5,7.6,0,0,0,0,1,0,1,1,1,675.690,330.671
"SOHO D1 - near Bui Vien , Ben Thanh market 1km","100 Cô Giang, Quận 1, Hồ Chí Minh, Việt Nam","9,1",91,9.2,9.4,9.0,9.1,9.0,0,0,0,0,0,0,0,1,1,2.097.395,1.666.667
Thiên Tài Hotel,"452 Nguyễn Thị Minh Khai, P.5 Q.3, TP HCM, Quận 3, Hồ Chí Minh, Việt Nam, 700000","8,0",169,8.9,8.8,8.5,8.1,8.8,0,1,0,1,0,0,1,1,0,1.449.896,472.605
Lam Son Serviced Apartment,"87 Đ. Lam Sơn, Phường 2, Lam Son Apartment, Tân Bình, Hồ Chí Minh, Việt Nam","8,2",158,8.5,8.1,8.4,7.8,7.8,1,0,0,0,1,0,1,1,1,Không có giá trước,Không có giá sau
Amanaki Thảo Điền (Amanaki Thao Dien),"10 Nguyen Dang Giai, Thao Dien Ward, Thu Duc City, Quận 2, Hồ Chí Minh, Việt Nam, 720300","9,1",981,9.1,9.4,9.1,9.0,9.4,1,0,0,0,1,1,1,1,1,3.732.897,2.748.788
Jade Garden - Secret Courtyard in Saigon,"59/12BIS Đ. Phạm Viết Chanh, Phường Nguyễn Cư Trinh, Quận 1, Hồ Chí Minh, Việt Nam, 700000","9,0",354,8.8,9.4,9.3,8.9,9.1,1,1,0,1,1,0,1,1,1,3.046.336,761.584
Ruby Studio Apartment - City Center,"135/53 Tran Hung Dao Street, Cau Ong Lanh Ward, Quận 1, Hồ Chí Minh, Việt Nam, 700000","8,7",101,9.0,8.8,8.9,8.4,8.9,0,0,0,0,0,0,0,1,0,2.545.917,403.605
Khách sạn A25 - 14 Lương Hữu Khánh (A25 Hotel - 14 Luong Huu Khanh),"14 Luong Huu Khanh, Pham Ngu Lao, Quan 1, Ho Chi Minh , Quận 1, Hồ Chí Minh, Việt Nam, 70000","8,3",252,7.9,8.4,8.1,7.8,8.7,0,1,0,0,1,0,1,1,1,1.871.471,754.491
VINHOMES CENTRAL PARK Residence,"208 Nguyen Huu Canh, Ward 22, Bình Thạnh, Hồ Chí Minh, Việt Nam, 72324","8,7",285,9.1,8.8,9.1,9.1,8.9,1,0,1,1,1,0,1,1,1,3.154.422,1.305.965
PARAGON HOTEL,"R3-37 Hưng Phước 4, Quận 7, Hồ Chí Minh, Việt Nam, 72915","8,8",263,9.2,9.5,9.2,8.8,9.0,1,1,0,0,1,0,1,1,1,1.238.534,889.586
Coucouhomestead II - Homestay quan 1,"Room 23, No. 135, Hem 135, Tran Hung Dao, Cau Ong Lanh Ward, Coucouhomestead II, Vietnam, coucouhomestead II, Quận 1, Hồ Chí Minh, Việt Nam, 700000","8,1",55,9.8,9.3,9.0,8.3,8.8,0,0,0,0,0,0,1,1,0,1.750.000,592.487
Diamond Luxury Ben Thanh,"100/6 đường Lê Thị Hồng Gấm, phường Nguyễn Thái Bình, quận 1, Hồ Chí Minh, Quận 1, Hồ Chí Minh, Việt Nam, 70000","8,5",1427,8.8,9.2,8.6,8.0,8.6,1,1,0,1,1,0,1,1,0,3.425.926,878.667
Khách sạn Anh Đào (Hotel Anh Dao),"70 đường 7A, Phường Bình trị đông B, Quận Bình tân, TPHCM, Bình Tân, Hồ Chí Minh, Việt Nam, 70000","8,4",254,8.7,9.0,8.7,8.4,8.8,1,0,0,0,0,0,1,1,1,1.500.000,443.368
Paradise Cu Chi Hotel,"41 NGUYEN VAN HOAI, TAN AN HOI, CU CHI, Tp. HCM, Huyện Củ Chi, Hồ Chí Minh, Việt Nam, 02873033317","8,3",318,8.0,8.8,8.5,8.2,8.9,1,1,0,0,1,0,1,1,1,Không có giá trước,804.444
Saigonciti Hotel,"264 Đề Thám, phường Phạm Ngũ Lão, quận 1, TP Hồ Chí MInh, Quận 1, Hồ Chí Minh, Việt Nam","7,9",1174,8.8,8.3,7.8,7.2,7.8,1,1,0,1,1,0,1,1,1,1.327.001,715.680
Luân Vũ Hotel - Bùi Viện Walking street,"No. 2, 35, Bui Vien Street, Pham Ngu Lao Ward, District 7, 7, Quận 1, Hồ Chí Minh, Việt Nam","7,2",248,7.5,7.0,6.6,6.3,6.4,1,0,0,0,0,1,1,1,1,Không có giá trước,Không có giá sau
Express by M Village Nguyễn Văn Thủ,"Room 217, M Village, Nguyen Van Thu Street, Da Kao Ward, District 1, M Village, Quận 1, Hồ Chí Minh, Việt Nam, 700000","8,7",303,8.9,8.9,8.7,8.4,9.1,1,0,0,1,1,0,0,1,1,1.979.708,1.245.833
Botanic House Saigon,"100/4 Đ. Lê Thị Hồng Gấm, Phường Nguyễn Thái Bình, Quận 1, Thành phố Hồ Chí Minh, Quận 1, Hồ Chí Minh, Việt Nam, 11000","8,5",134,9.3,8.9,8.7,8.3,8.6,1,0,0,0,1,0,0,1,0,862.279,601.157
La Bonita hotel and Apartment,"No. 38-42, Hung Phuoc 4, Tan Phong, District 7, Ho Chi Minh City, Quận 7, Hồ Chí Minh, Việt Nam, 70000","8,7",1467,8.9,9.0,8.7,8.4,8.7,1,1,0,0,0,0,1,1,1,2.200.000,585.901
A25 Hotel - 142 Bùi Thị Xuân,"No. 142, Bui Thi Xuan Street, Phuong Pham Ngu Lao, Vietnam, Quận 1, Hồ Chí Minh, Việt Nam, 700000","8,7",44,9.6,9.6,9.6,9.1,9.6,0,1,0,0,0,0,1,1,0,Không có giá trước,1.000.163
Botanic House Saigon,"100/4 Đ. Lê Thị Hồng Gấm, Phường Nguyễn Thái Bình, Quận 1, Thành phố Hồ Chí Minh, Quận 1, Hồ Chí Minh, Việt Nam, 11000","8,5",134,9.3,8.9,8.7,8.3,8.6,1,0,0,0,1,0,0,1,0,862.279,601.157
Tracy Ben Thanh Tower,"172 Đường Ký Con, 40, Quận 1, Hồ Chí Minh, Việt Nam, 700000","8,6",459,8.9,6.9,7.2,6.8,7.2,1,0,1,0,1,1,0,1,1,2.429.041,1.875.000
Khách sạn Hoa Huỳnh (Hoa Huynh Hotel),"348 Đường Nguyễn Văn Linh, Bình Thuận, Quận 7, Thành phố Hồ Chí Minh, Việt Nam, Quận 7, Hồ Chí Minh, Việt Nam","6,6",32,7.0,7.2,6.9,7.1,6.8,1,0,0,0,1,0,1,1,1,Không có giá trước,Không có giá sau
Thanh Lan Hotel,"51 Tran Xuan Hoa, Phuong7, Quan 5, Quận 5, Hồ Chí Minh, Việt Nam, 700000","7,6",317,7.9,7.6,7.5,6.7,7.1,1,0,0,0,1,0,1,1,1,448.046,370.957
Nhà dân Friday - Trung tâm thành phố (Friday Homestay - City Centre),"102/22 Cong Quynh, Pham Ngu Lao, Quan 1, Quận 1, Hồ Chí Minh, Việt Nam, 70000","8,9",830,9.2,9.3,9.1,8.8,9.2,1,0,0,0,1,0,1,1,1,583.432,360.401
Khách Sạn Sunflower Luxury Hồ Chí Minh (Sunflower Luxury Hotel Ho Chi Minh City),"11B Thái Văn Lung, Quận 1, Quận 1, Hồ Chí Minh, Việt Nam","8,1",2610,8.9,8.4,8.1,7.7,8.1,1,1,1,1,1,1,1,1,1,1.942.711,1.739.471
9Trip Stay in Soho Residence Quận 1 - Gần phố đi bộ Bùi Viện và chợ Bến Thành (9Trip Stay in Soho Residence District 1 - Next to Bui Vien Walking Street & Ben Thanh Market),"100 C #244; Giang, Phường C #244; Giang, Quận 1, Th #224;nh phố Hồ Ch #237; Minh , Quận 1, Hồ Chí Minh, Việt Nam, 700000","8,5",342,8.9,8.8,9.0,8.5,8.7,1,1,0,1,1,0,1,1,1,3.772.715,1.092.855
Khách sạn A25 - 75 Lê Thị Hồng Gấm (A25 Hotel - 75 Le Thi Hong Gam),"75 Le Thi Hong Gam, Nguyen Thai Binh, District 1, Ho Chi Minh , Quận 1, Hồ Chí Minh, Việt Nam, 700000","7,6",288,8.4,8.0,7.5,6.7,7.2,0,1,0,0,1,0,1,1,1,900.376,820.419
"Hotel Indigo Saigon The City, an IHG Hotel By IHG","9-11 Ly Tu Trong Street, Quận 1, Hồ Chí Minh, Việt Nam, 700000","9,1",7,10.0,9.3,8.0,8.7,10.0,0,1,0,0,1,1,0,1,1,13.272.066,3.868.120
F-Hotel & Apartment,"No 132 Phan Xich Long street, 7 Ward, Phu Nhuan District, Phú Nhuận, Hồ Chí Minh, Việt Nam","9,2",248,9.4,9.4,9.2,9.4,9.6,1,0,0,0,0,0,1,1,1,Không có giá trước,751.667
Hotel L Odeon Phu My Hung,"63 - 65 Lê Văn Thiêm, Hưng Phước 3, Phú Mỹ Hưng, phường Tân Phong, Quận 7, Quận 7, Hồ Chí Minh, Việt Nam","8,4",886,8.5,8.8,8.6,7.8,8.7,1,1,1,0,1,1,1,1,1,Không có giá trước,864.480
Stellar Boutique Hotel,"15-17 Cao Triều Phát, Phường Tân Phong, Quận 7, Tp. HCM, Quận 7, Hồ Chí Minh, Việt Nam, 70000","8,3",354,8.6,8.9,8.2,8.1,8.2,1,1,0,0,1,0,1,1,1,986.423,695.782
Nhà trọ & Café The Like (The Like Hostel & Cafe),"150/37 Nguyen Trai, Quận 1, Hồ Chí Minh, Việt Nam","8,8",32,9.5,9.8,9.3,8.7,9.1,1,1,0,0,0,0,1,1,0,Không có giá trước,Không có giá sau
Huazhu Hotel,"302 Vo Van Kiet street, Co Giang ward, District 1, Ho Chi Minh city, Quận 1, Hồ Chí Minh, Việt Nam, 0084","7,8",311,8.5,8.5,8.5,7.9,7.9,1,1,1,0,1,1,1,1,1,Không có giá trước,1.369.759
Luna Hotel Saigon Center,"No. 69, Nguyen Thai Hoc, Cau Ong Lanh Ward, District 1, Ho Chi Minh City, Quận 1, Hồ Chí Minh, Việt Nam, 70000","8,3",337,9.0,9.2,8.3,8.1,8.3,1,0,0,0,0,0,1,1,0,3.000.000,763.889
SOHO Residence & Hotel,"100 Cô Giang, P.Cô Giang, Quận 1, Hồ Chí Minh, Việt Nam, 710000","8,9",666,8.9,8.7,8.9,8.6,9.1,1,0,0,1,1,0,1,1,1,2.000.000,1.168.653
Khách sạn Koniko (Koniko Hotel),"283/22 Phạm Ngũ Lão, Quận 1, Quận 1, Hồ Chí Minh, Việt Nam, 70000","7,5",386,8.1,7.2,7.3,6.2,6.8,1,0,0,0,1,1,1,1,0,2.662.686,352.734
Glenwood Residences,"243 Nguyễn Văn Hưởng, Phường Thảo Điền, Quận 2, Quận 2, Hồ Chí Minh, Việt Nam, 70000","8,5",119,8.5,8.9,8.7,8.0,8.8,1,1,0,1,1,1,1,1,1,Không có giá trước,1.155.964
Rosa May Hotel,"34A Thủ Khoa Huân, Phường Bến Thành, Quận 1, Hồ Chí Minh, Việt Nam","8,1",185,9.3,8.7,8.7,8.0,8.0,1,1,0,0,1,1,1,1,0,Không có giá trước,Không có giá sau
LANDMARK 81 Skyline Residences,"720A Dien Bien Phu, Ward 22, Bình Thạnh, Hồ Chí Minh, Việt Nam, 72300","8,8",308,9.3,8.8,8.8,8.9,8.9,1,1,1,1,1,1,0,1,1,2.162.513,1.805.660
Home Away Dang Thi Nhu,"No. 23, Dang Thi Nhu St, Nguyen Thai Binh Ward, Vietnam, Quận 1, Hồ Chí Minh, Việt Nam","8,3",109,9.1,9.3,8.5,8.1,8.1,1,0,0,0,1,0,0,1,1,1.041.667,613.048
Khách sạn Alpina Sài Gòn (Alpina Hotel Saigon),"5 Truong Dinh, Ben Thanh, Quận 1, Hồ Chí Minh, Việt Nam, 700000","7,6",56,8.8,8.6,7.5,7.5,7.5,0,1,1,0,1,0,1,1,1,1.870.292,967.973
Soho View Residence Luxury Apartment,"No. 100 Cô Giang, Phường Cô Giang, SOHO, Quận 1, Hồ Chí Minh, Việt Nam, 70000","8,1",63,8.4,9.3,8.6,9.3,8.4,0,0,0,0,0,1,1,1,0,Không có giá trước,Không có giá sau
Khách Sạn Park Hill Nam Sài Gòn (Park Hill Hotel Saigon South),"67 Lê Văn Thiêm, Khu Phố Hưng Phước 3, Quận 7, Hồ Chí Minh, Việt Nam, 72915","8,2",900,8.7,8.6,8.3,7.7,8.2,1,1,0,1,1,0,1,1,1,640.775,487.069
Song Anh 1 Hotel,"No. 150, Le Thanh Ton Street, Quận 1, Hồ Chí Minh, Việt Nam, 70000","8,9",732,9.6,9.3,8.9,8.5,8.8,0,0,0,0,1,0,1,1,1,1.800.000,624.861
Boss Palace Hotel,"306 Nguyễn Thiện Thuật, Boss Palace Hotel, Quận 3, Hồ Chí Minh, Việt Nam, 84000","7,6",66,8.9,9.1,8.1,8.4,8.2,0,1,0,0,0,0,1,1,1,Không có giá trước,442.436
Kin Hotel Thi Sach,"11a Thi S ch, Bến Ngh , Quận 1, Hồ Chí Minh, Việt Nam, 700000","8,7",483,9.2,9.3,8.6,8.0,9.0,1,1,1,0,1,1,1,1,1,2.565.563,1.884.741
Little Saigon Boutique Hotel,"36 Bis/ 2 đường Lê Lợi, phường Bến Nghé, quận 01, Quận 1, Hồ Chí Minh, Việt Nam, 70000","8,5",2470,9.1,8.9,8.4,7.6,8.6,1,1,0,0,1,1,1,1,1,Không có giá trước,1.047.826
The Star Hotel - Dist 7 HCMC,"15 Khu Phố Hưng Phước 2 , Quận 7, Hồ Chí Minh, Việt Nam, 000007","8,8",242,9.0,9.4,8.8,8.8,8.9,1,1,1,0,1,1,1,1,1,1.862.236,1.351.528
Galaxy Boutique Hotel,"269/19 Đề Thám, Galaxy Boutique Hotel, Quận 1, Hồ Chí Minh, Việt Nam","8,2",1891,9.2,8.8,8.4,7.8,8.2,1,1,0,1,1,0,1,1,1,3.062.695,408.770
M Village Living 47 Thảo Điền,"46 Đường số 47 , Quận 2, Hồ Chí Minh, Việt Nam, 700000","8,9",370,8.9,9.3,9.2,8.9,9.3,1,0,0,1,1,0,0,1,1,2.003.072,1.216.027
AULE HOSTEL,"Room 39, No. 6, Nguyen Trai Street, Phuong Pham Ngu Lao, Aule Hostel, AULE HOSTEL, Quận 1, Hồ Chí Minh, Việt Nam, 71000","7,9",365,9.0,8.6,8.3,7.8,7.8,0,0,0,0,1,0,1,1,0,2.000.000,520.640
LiLLy Hotel,"32 bau cat 1, ward 14, tan binh district, Tân Bình, Hồ Chí Minh, Việt Nam, 700000","7,8",68,8.0,8.3,8.2,7.1,8.0,0,0,0,0,0,0,1,1,0,Không có giá trước,Không có giá sau
Khách sạn & Căn hộ Simmi 6 (Simmi 6 Hotel & Apartment),"72 Cao Triều Ph t, Quận 7, Hồ Chí Minh, Việt Nam, 700000","8,3",389,8.8,8.9,8.4,8.3,8.5,1,0,0,0,0,0,1,1,0,1.058.203,488.851
Huong Sen Annex Hotel,"4-6-8 Mạc Thị Bưởi, Quận 1, Hồ Chí Minh, Việt Nam, 70000","8,8",1787,9.2,9.1,8.6,8.2,8.8,1,1,1,0,1,1,1,1,1,Không có giá trước,Không có giá sau
Collection O Madam Cuc Hotel,"127 Cống Quỳnh, Quận 1, Hồ Chí Minh, Việt Nam, 700000","7,7",160,9.1,8.1,7.9,6.9,7.3,0,0,0,0,0,0,1,1,1,1.261.393,312.336
Jan Hostel Central Point,"100/25/2 Đường Trần Hưng Đạo, Quận 1, Hồ Chí Minh, Việt Nam","8,9",3970,9.2,9.7,9.0,8.5,8.8,1,1,0,0,1,1,1,1,1,Không có giá trước,615.583
BIG HOTEL SÀI GÒN,"No. 35-37, Street No. 4, Trung Son Urban Area, Binh Hung Commune, Binh Chanh District, Ho Chi Minh City, Bình Hưng, Hồ Chí Minh, Việt Nam, 71803","8,8",553,8.3,8.0,8.0,7.6,7.9,1,0,0,0,1,0,1,1,1,766.918,319.779
Somerset Vista Thành phố Hồ Chí Minh (Somerset Vista Ho Chi Minh City),"628C Xa Lộ Hà Nội. Phường An Phú, Quận 2, Quận 2, Hồ Chí Minh, Việt Nam, 700000","8,7",960,7.8,9.0,9.1,8.9,9.3,0,1,0,0,1,1,1,1,1,4.784.766,2.625.000
Landmark 81 & Vinhomes - ZEN Saigon Citypoint,"720A Dien Bien Phu, Phuong 22, Quan Binh Thanh, TP Ho Chi Minh, Bình Thạnh, Hồ Chí Minh, Việt Nam, 72300","9,1",11,9.6,8.7,8.7,9.6,9.6,1,0,0,1,0,0,1,1,0,2.990.000,1.711.547
Nhà dân G9 - Nguyễn Trãi (G9 Homestay - Nguyen Trai),"212B/68, Đường Nguyễn Trãi, Phường Nguyễn Cư Trinh, Quận 1, Thành phố Hồ Chí Minh, Việt Nam, Quận 1, Hồ Chí Minh, Việt Nam, 70000","9,1",1362,8.9,9.7,9.4,9.2,9.5,1,0,0,0,0,0,1,1,1,2.416.667,600.579
Hồ bơi Vô Cực Signature - Gần phố Bùi Viện (Infinity Pool Signature - Near Bui Vien street),"151 Ben Van Don, Quận 4, Hồ Chí Minh, Việt Nam, 70000","9,0",744,9.3,9.3,9.2,9.1,9.1,1,0,0,1,0,1,0,1,1,1.869.808,543.898
Khách sạn Căn hộ HT (HT Hotel Apartment),"128/1 Trần Quốc Thảo - Phường Võ Thị Sáu - Quận 3 - TP. Hồ Chí Minh, Quận 3, Hồ Chí Minh, Việt Nam, 740000","8,8",341,8.8,9.3,9.0,8.6,8.8,1,0,0,0,0,0,1,1,0,561.397,479.813
Central Hotel and Residences,"R4-64, R4-65 Hưng Phước 4, Tan Phong, Quận 7, Thành phố Hồ Chí Minh , Quận 7, Hồ Chí Minh, Việt Nam, 70000","7,8",354,8.1,8.0,7.7,7.2,7.8,1,1,1,0,1,0,1,1,1,851.527,660.886
Khách sạn Boutique Sabina 2 (Sabina Boutique Hotel 2),"47-49-51, Le Van Thiem Street, Tan Phong Ward, District 7, Ho Chi Minh City, Viet Nam, Quận 7, Hồ Chí Minh, Việt Nam, 70000","8,5",750,9.0,9.2,8.6,8.3,8.7,1,1,1,0,1,0,1,1,1,3.367.679,1.465.084
Saigon Hideout New World View,"No. 14, Nguyen Thi Nghia Street, Ben Thanh Ward, District 1, Ho Chi Minh City, Quận 1, Hồ Chí Minh, Việt Nam, 700000","9,0",615,9.5,8.5,8.7,8.3,8.3,1,0,0,1,0,0,1,1,1,Không có giá trước,686.585
Khách sạn Giang Sơn 1 (Giang Son 1 Hotel),"283/14 đường Phạm Ngũ Lão, quận 01, Quận 1, Hồ Chí Minh, Việt Nam, 70000","8,1",576,8.7,8.3,8.0,7.4,8.1,1,0,0,1,1,1,1,1,1,650.000,493.827
Luala Home,"No. 24, 59, Nguyen Binh Khiem, Da Kao, Vietnam, Quận 1, Hồ Chí Minh, Việt Nam, 71007","9,4",151,9.2,9.6,9.5,9.5,9.7,1,0,0,1,0,0,1,1,1,1.000.000,540.417
SAIGON COZY HOTEL,"241/22 Phạm Ngũ Lão, Quận 1, Hồ Chí Minh, Việt Nam, 700000","8,7",431,8.8,9.3,8.6,8.0,8.7,1,0,0,0,1,1,1,1,1,1.200.000,500.000
"Căn hộ m² 1 phòng ngủ, 1 phòng tắm riêng ở Quận 4 (Sunny Apartment Ho Chi Minh)","51 Duong So 6, Khu Dan Cu Trung Son, Binh Chanh, 21, Bình Hưng, Hồ Chí Minh, Việt Nam, 700000","7,5",88,7.8,8.4,8.0,7.8,8.0,1,0,1,1,1,1,1,1,1,980.000,313.934
The Lancaster - ANGIA Hospitality,"22 bis Le Thanh Ton Street, Ben Nghe Ward, District 1 , Quận 1, Hồ Chí Minh, Việt Nam, 700000","9,0",183,9.4,9.1,9.0,9.0,9.2,1,0,1,1,1,1,0,1,1,5.465.532,2.589.312
Song Anh 2 Hotel,"191 Lê Thánh Tôn, Quận 1, Quận 1, Hồ Chí Minh, Việt Nam","7,8",307,8.9,8.1,8.0,7.3,7.7,0,0,0,0,1,0,1,1,1,Không có giá trước,Không có giá sau
Scenic Valley 2,"801 Nguyen Van Linh Street, Tan Phu Ward, District 7, Quận 7, Hồ Chí Minh, Việt Nam, 72900","8,0",48,8.4,8.0,8.3,8.3,8.2,1,0,0,0,1,1,1,1,1,1.818.768,1.539.048
ANGIA Hospitality Landmark 81 & Vinhomes Riverside,"720A Dien Bien Phu, Ward 22, Bình Thạnh, Hồ Chí Minh, Việt Nam, 72324","9,0",329,9.5,9.3,9.3,9.4,9.4,1,1,0,1,1,0,1,1,1,2.621.527,1.221.115
Edoya Hotel Phu My Hung,"36-38 Cao Trieu Phat, Tan Phong Ward, District 7, Ho Chi Minh Cty, Viet Nam , Quận 7, Hồ Chí Minh, Việt Nam, 72915","8,1",446,8.7,8.5,8.2,7.7,8.0,1,0,0,0,0,0,1,1,0,906.080,601.869
Khu căn hộ cao cấp Sherwood Residence (Sherwood Residence),"127 Pasteur, Quận 3 , Quận 3, Hồ Chí Minh, Việt Nam, 700000","9,1",5027,8.9,9.3,9.2,9.1,9.3,1,1,0,1,1,1,1,1,0,3.733.126,2.292.596
Crystal Landmark Riverside Apartment,"208 Nguyễn Hữu Cảnh, Bình Thạnh, Hồ Chí Minh, Việt Nam, 72324",10,6,10.0,10.0,10.0,10.0,10.0,1,0,0,1,0,0,1,1,1,5.514.706,1.378.676
Khách sạn A25 - 22 Nguyễn Cư Trinh (A25 Hotel - 22 Nguyen Cu Trinh),"22 Nguyen Cu Trinh, Pham Ngu Lao, District 1, Ho Chi Minh , Quận 1, Hồ Chí Minh, Việt Nam, 7000","8,0",151,8.6,8.4,8.3,7.8,8.0,0,0,0,0,1,0,1,1,1,1.946.815,723.651
The Metropole Opera Residence by Kaystay,"24/7 Luong Dinh Cua, An Khanh, Quận 2, Hồ Chí Minh, Việt Nam, 70000","8,6",250,8.5,8.4,8.5,8.1,8.6,1,0,1,1,1,0,1,1,1,5.293.570,1.868.915
Saigon Hotel & Apartment,"150/7 Đường Nguyễn Trãi, 150/7/3 Nguyễn Trãi. Phường Bến Thành, Quận 1, TP. Hồ Chí Minh, Vietnam, Quận 1, Hồ Chí Minh, Việt Nam, 70000","8,7",106,9.2,9.3,9.1,8.8,9.3,0,0,0,0,1,0,1,1,1,Không có giá trước,714.924
CouCou Homestead,"121/35 Lê Thị Riêng, Quận 1, Hồ Chí Minh, Việt Nam, 70000","8,1",1163,8.8,8.4,8.6,7.9,8.3,1,1,0,0,0,0,1,1,1,Không có giá trước,686.023
Phòng ban công và có sân thượng lớn,"1068 Đ. Võ Văn Kiệt, Phường 6, Quận 5, Hồ Chí Minh, Việt Nam","8,2",57,10.0,10.0,10.0,10.0,10.0,0,0,0,1,0,0,0,1,1,Không có giá trước,Không có giá sau
BEAUTIFUL SAIGON HOTEL,"40/27 Đ. B&#249;i Viện, Quận 1, Hồ Chí Minh, Việt Nam, 70000","7,0",327,7.6,6.9,5.9,6.2,6.8,0,0,0,0,1,0,1,1,1,990.000,357.397
Nhà dân HomeAway (HomeAway Homestay),"38 Đỗ Quang Đẩu, Quận 1, Hồ Chí Minh, Việt Nam, 71012","8,7",656,9.5,9.3,8.8,8.0,8.3,1,0,0,0,1,0,0,1,1,1.165.152,427.822
Chloe Gallery,"06 Phan Van Chuong, Quận 7, Hồ Chí Minh, Việt Nam, 700000","8,0",638,7.8,8.2,7.9,7.7,8.6,0,1,1,0,1,1,1,1,1,2.594.090,2.391.577
Sunny Serviced Apartment,"56 Lê Thánh Tôn, Quận 1, Hồ Chí Minh, Hồ Chí Minh, Việt Nam,, Quận 1, Hồ Chí Minh, Việt Nam","8,9",1080,9.3,9.1,9.0,8.2,9.0,1,0,0,1,1,0,1,1,1,4.293.472,774.626
The Rice 131 Bui Vien Hotel,"125-127-129-131 đường B i Viện, phường Phạm Ngũ L o, Quận 1, tp Hồ Ch Minh, Quận 1, Hồ Chí Minh, Việt Nam, 008428","7,7",112,8.1,7.8,7.4,7.3,8.3,1,1,0,0,1,0,1,1,0,669.998,598.190
Thao Trang Laluxe Hotel SaiGon,"No. 60-62 Cao Trieu Phat, Tan Phong, Phu My Hung, District 7, Quận 7, Hồ Chí Minh, Việt Nam, 70000","8,3",771,8.9,8.9,8.5,8.1,8.6,1,1,0,0,1,0,1,1,1,1.909.999,904.590
Saigon By Night Luxury Hotel (SAIGON BY NIGHT LUXURY HOTEL),"R4-90 Hung Gia 3 st, Tan Phong Ward, Quận 7, Hồ Chí Minh, Việt Nam, 70000","7,5",611,7.7,7.7,7.4,6.9,7.5,1,1,0,1,1,0,1,1,1,Không có giá trước,1.300.558
APEC BnB Hotel,"18a/70 đường nguyễn thị minh khai, phường Đa Kao, quận 1, th nh phố Hồ Ch Minh, Quận 1, Hồ Chí Minh, Việt Nam, 70000","8,9",87,8.8,9.6,9.1,8.6,9.0,0,0,0,1,0,0,1,1,0,1.500.000,816.667
Landmark 81 And Vinhomes PANORAMA - ANGIA Hospitality,"208 Nguyen Huu Canh, Ward 22, Bình Thạnh, Hồ Chí Minh, Việt Nam, 72324","8,7",497,9.1,8.8,8.8,8.9,8.8,1,1,1,1,1,1,0,1,1,Không có giá trước,Không có giá sau
SUNFLOWER CBQ HOTEL,"11B THÁI VĂN LUNG, PHƯỜNG BẾN NGHÉ, QUẬN 1, TP. HCM, Quận 1, Hồ Chí Minh, Việt Nam","8,2",536,9.0,8.5,8.2,7.8,8.4,0,1,0,0,1,0,1,1,0,Không có giá trước,Không có giá sau
Somi Luxstay LP,"Nguyen Huu Canh, Landmark 81 LP, Bình Thạnh, Hồ Chí Minh, Việt Nam, 700000","9,4",270,9.6,9.2,9.3,9.2,9.3,1,1,0,1,1,0,1,1,1,2.193.017,1.372.136
Saigon Sky Garden Serviced Apartments,"20 Le Thanh Ton, Dist. 1, Quận 1, Hồ Chí Minh, Việt Nam","8,9",365,9.5,9.4,8.9,9.1,9.5,1,0,1,0,0,1,1,1,1,Không có giá trước,2.592.593
Khách sạn Amanaki Sài Gòn Boutique (Amanaki Saigon Boutique Hotel),"65 Ho Tung Mau, Ben Nghe Ward, District 1, Quận 1, Hồ Chí Minh, Việt Nam, 700000","9,2",3048,9.6,9.4,9.0,8.6,9.2,1,1,0,0,1,1,1,1,1,2.580.997,1.942.941
Tân Thủ Đô Hai,"No. 97A, Nguyen Duy Duong, Ward 9, Quận 5, Hồ Chí Minh, Việt Nam","7,6",70,7.6,7.4,8.2,7.4,7.9,0,0,0,0,0,0,1,1,1,Không có giá trước,440.917
The LUMIERE Riverside Residence,"259 Vo Nguyen Giap, An Phu Ward, Quận 2, Hồ Chí Minh, Việt Nam, 70000","9,1",254,9.5,9.4,9.5,9.5,9.5,1,0,1,1,1,1,0,1,1,3.348.951,1.705.262
Jan Villa SaiGon Oasis,"Đường Nam Quốc Cang Số nhà 04, Quận 1, Hồ Chí Minh, Việt Nam","8,7",988,9.0,9.5,8.8,8.5,8.7,0,0,0,0,1,0,0,1,1,Không có giá trước,1.045.750
8B Aparthotel,"8B Dong Nai, 2, Tân Bình, Hồ Chí Minh, Việt Nam, 70000","8,9",109,9.0,9.4,9.0,9.0,9.3,1,0,1,1,0,1,1,1,0,Không có giá trước,925.926
Khách sạn TiTi (TiTi Hotel),"40/12-14A Bùi Viện, Quận 1 , Quận 1, Hồ Chí Minh, Việt Nam, 70000","7,7",344,8.8,7.6,7.8,6.9,7.9,0,0,0,1,1,0,0,1,0,390.000,340.476
Diamond Boutique,"36 Hưng Gia 3, Quận 7, Hồ Chí Minh, Việt Nam, 700000","7,6",350,8.2,8.3,7.8,7.7,7.9,1,1,0,0,1,0,1,1,1,2.281.592,570.398
Tan Dat Hoa Hotel,"145-145B Thach Lam, P.Hiep Tan, Q.Tan Phu, HCM, Tân Phú, Hồ Chí Minh, Việt Nam, 72014","6,5",25,6.9,6.6,6.8,6.2,6.3,0,0,0,0,0,0,1,1,1,Không có giá trước,Không có giá sau
Otis Soho Saigon Balcony Apartment,"100 Cô Giang, Quận 1, Hồ Chí Minh, Việt Nam, 700000","8,2",432,8.2,7.3,8.0,7.2,8.0,1,1,0,1,1,0,0,1,1,3.700.000,1.150.403
Gemini Saigon LUXURY,"40 Bùi Viện, Quận 1, Hồ Chí Minh, Việt Nam, 700000","7,4",1730,8.0,7.5,7.2,6.5,7.5,1,1,0,0,1,0,1,1,1,2.168.570,740.741
M Village Hotel Hai Bà Trưng,"No. 180A Hai Ba Trung, Da Kao Ward, District 1, Ho Chi Minh City, M Village, M Village, Quận 1, Hồ Chí Minh, Việt Nam, 700000","8,9",355,9.0,9.5,9.2,8.8,9.4,1,0,0,1,1,0,1,1,1,Không có giá trước,1.599.300
Vinhomes Landmark,"No. 208, Nguyen Huu Canh Street, Bình Thạnh, Hồ Chí Minh, Việt Nam, 70000","7,1",117,8.0,6.6,6.9,6.9,6.9,1,0,1,1,1,1,1,1,1,2.147.151,1.299.359
Diamond Hotel,"36 Hưng Gia 3, Tân Phong, Diamond Hotel, Quận 7, Hồ Chí Minh, Việt Nam, 700000","8,7",175,7.5,7.5,7.2,7.1,7.5,1,0,0,0,1,0,1,1,1,2.000.000,581.740
Khách sạn & Căn hộ Simmi 5 (Simmi 5 Hotel & Apartment),"No. 7, Phan Khiem Ich Road, Tan Phong Ward, District 7, Ho Chi Minh City, Vietnam, Quận 7, Hồ Chí Minh, Việt Nam, 70000","8,3",450,8.8,8.7,8.5,8.1,8.6,1,0,0,0,0,0,1,1,0,807.797,502.686
Khách Sạn & Spa Rosa (Rosa Hotel & Spa),"55 đường Thủ Khoa Huân, phường Bến Thành, quận 1, Quận 1, Hồ Chí Minh, Việt Nam, 700000","7,5",2647,8.4,7.5,7.5,6.8,7.3,1,1,0,0,1,0,1,1,1,Không có giá trước,954.530
Cap Town Hotel,"28-30 Đường Lê Anh Xuân, Quận 1, Quận 1, Hồ Chí Minh, Việt Nam","8,3",1844,8.9,8.7,8.4,7.5,8.4,1,1,0,0,1,0,1,1,1,2.990.000,772.243
The LUMIÈRE Riverside - ANGIA Hospitality,"259 Vo Nguyen Giap, An Phu Ward, Quận 2, Hồ Chí Minh, Việt Nam, 70000","9,2",294,9.5,9.4,9.5,9.6,9.5,1,0,1,1,1,1,0,1,1,7.423.958,1.674.533
Khách sạn Triple E Bảo tàng Mỹ thuật (Triple E Fine Art Museum),"81 Nguyễn Thái Bình, Phường Nguyễn Thái Bình, Quận 1, thành phố Hồ Chí Minh, Quận 1, Hồ Chí Minh, Việt Nam, 700000","9,0",1889,9.1,9.1,8.8,8.2,9.0,1,1,0,0,0,0,1,1,0,1.119.765,851.576
Khách Sạn Ailen Garden 2 (Ailen Garden Hotel 2),"283/8 Phạm Ngũ Lão, Quận 01, Quận 1, Hồ Chí Minh, Việt Nam, 70000","7,9",167,8.7,8.6,8.2,7.1,7.7,0,1,0,0,1,1,1,1,1,2.140.521,486.401
Smile Home - SOHO Apartment balcony - Modern comfortable,"100 Cô giang, Phường Cô Giang, Quận 1 , Quận 1, Hồ Chí Minh, Việt Nam","8,4",652,8.8,8.6,8.5,8.4,8.6,1,0,0,1,1,0,1,1,1,1.956.776,1.115.748
Sài Gòn Domaine Luxury Residences (Saigon Domaine Luxury Residences),"Số 1057 B nh Quới, Phường 28, Quận B nh Thạnh , Bình Thạnh, Hồ Chí Minh, Việt Nam, 700000","8,4",778,7.4,9.0,8.8,8.3,8.8,1,1,0,1,1,1,1,1,1,3.238.058,2.179.479
Royal Apartment Landmark,"Room 720A, Dien Bien Phu St, Vinhomes Tan Cang, Bình Thạnh, Hồ Chí Minh, Việt Nam, 72300","8,7",110,9.4,9.1,9.1,9.3,9.2,1,1,0,0,1,0,0,1,1,2.172.465,1.382.101
Căn hộ sang trọng KunKin (KunKin Luxury Apartment),"46/24 Nguyễn Cửu Vân, Bình Thạnh, Hồ Chí Minh, Việt Nam, 700000","9,2",100,9.4,9.1,9.2,9.3,9.4,1,0,0,1,1,1,1,1,1,Không có giá trước,808.629
Garden View Court Suites Thành phố Hồ Chí Minh (GARDEN VIEW COURT SUITES HO CHI MINH CITY),"101 Nguyễn Du, Quận 1. P. Ben Thanh, Quận 1, Hồ Chí Minh, Việt Nam, 70000","9,0",2815,9.1,9.0,8.5,8.4,8.9,1,1,1,1,1,1,1,1,1,3.094.064,1.935.716
KT Meraki boutique Hotel- Bùi Viện walking street,"176 Đường B&#249;i Viện , Quận 1, Hồ Chí Minh, Việt Nam, 700000","7,0",347,6.4,6.9,5.8,5.5,6.1,1,0,0,0,0,1,1,1,0,678.652,363.674
Diamond Boutique Hotel,"36 Hưng Gia 3, Tân Phong, Quận 7, Hồ Chí Minh, Việt Nam, 700000","7,9",151,8.6,7.9,7.9,7.7,7.6,1,0,0,0,1,0,1,1,1,1.646.136,916.667
Phương Nam Resort,"15/12 Quốc lộ 13, Phường Vĩnh Phú, TX. Thuận An, Bình Dương , Thủ Đức, Hồ Chí Minh, Việt Nam, 75200","8,1",118,7.2,7.5,7.7,7.4,7.8,1,1,1,0,1,1,1,1,1,Không có giá trước,Không có giá sau
EEA Saigon Hotel,"149 Đường Calmette, EEA Saigon Hotel, Quận 1, Hồ Chí Minh, Việt Nam, 700000","8,3",896,9.2,8.8,8.5,8.0,8.2,1,0,0,0,1,0,1,1,1,1.500.000,697.459
VINCITY - Vihomes Serviced Apartment,"Masteri Centre Point, Road N2, Long Thanh My, District 9, Ho Chi Minh 700000, Vietnam, Quận 9, Hồ Chí Minh, Việt Nam, 70000","8,1",19,7.8,8.5,8.5,9.0,8.3,1,0,1,1,1,1,1,1,1,1.110.635,621.217
Lumiere Riverside by Aura Luxury,"LUMIERE Riverside, 02 Vo Truong Toan, phuong An Phu, Quan 2, Quận 2, Hồ Chí Minh, Việt Nam, 700000","8,7",163,8.9,9.1,8.9,8.9,8.7,1,1,1,1,1,1,1,1,1,3.800.000,1.540.724
Sabina Boutique Hotel 3,"2-4 Phan Khiem Ich street, Hung Gia 1 Town, Tan Phong Ward, District 7, Quận 7, Hồ Chí Minh, Việt Nam, 72900","8,8",290,8.5,9.1,8.8,8.5,9.0,0,1,0,0,1,0,1,1,1,Không có giá trước,1.379.486
The Star Hotel 2 - Dist 7 HCMC,"21-23 Khu Phố Hưng Phước 2, Tan Phong The Star Hotel 2, Quận 7, Hồ Chí Minh, Việt Nam, 000007","8,0",15,8.7,9.0,8.0,8.6,8.0,1,1,1,0,1,1,1,1,1,1.498.452,1.091.784
Căn hộ cao cấp Midtown (Midtown Premium Apartments),"Đ. Số 15, Quận 7, Hồ Chí Minh, Việt Nam, 700000","9,1",98,9.7,9.7,9.4,9.7,9.6,1,0,1,1,1,1,1,1,1,4.200.000,2.100.729
Hotel & Sky Bar Happy Life Grand (Happy Life Grand Hotel & Sky Bar),"102-104-106 Lê Thị Hồng Gấm,Phường Nguyễn Thái Bình, Quận 1, Hồ Chí Minh, Việt Nam, 70000","8,4",3391,8.9,9.0,8.3,8.0,8.6,1,1,1,0,1,1,1,1,1,3.227.082,2.981.923
Zeus Living - City Central,"No. 29, Nguyen Cong Trứ Street, Quận 1, Hồ Chí Minh, Việt Nam","8,1",107,8.0,6.4,8.0,7.2,6.8,0,0,0,0,0,0,1,1,1,Không có giá trước,806.388
Khách sạn Vân Anh Luxury (Vân Anh Luxury Hotel),"145 Đường Ký Con, Phường Nguyễn Thái Bình, Quận 1, Hồ Chí Minh, Việt Nam","8,9",1610,8.6,9.0,8.6,7.7,8.5,1,1,0,0,1,0,1,1,1,1.896.850,1.403.880
Khách Sạn Lê Hoàng Đạt (Khach San Le Hoang Đat),"59 Đường số 11 phường Tân Kiểng, Quận 7, Hồ Chí Minh, Việt Nam","8,2",101,8.2,9.1,8.9,8.4,8.9,0,0,0,0,0,1,0,1,1,Không có giá trước,Không có giá sau
Nexus House Làng Báo Chí,"No. 27, Street 1, Thao Dien, Quận 2, Hồ Chí Minh, Việt Nam, 71000","8,8",54,8.6,9.3,8.5,8.3,8.6,1,1,0,0,1,0,1,1,1,2.285.047,1.477.778
Khách sạn Na Nue (Na Nue Hotel),"No. 8, 185, Pham Ngu Lao, Phuong Pham Ngu Lao, District 1, Ho Chi Minh City, Vietnam, Quận 1, Hồ Chí Minh, Việt Nam","7,9",386,8.9,8.3,8.0,7.0,7.6,0,0,0,0,1,0,1,1,0,739.962,560.764
D1MENSION Riverside - ANGIA Hospitality,"No. 608, Vo Van Kiet Street, Cau Kho, Quận 1, Hồ Chí Minh, Việt Nam, 700000","8,9",359,9.2,8.8,9.1,9.1,9.1,1,0,1,0,1,1,0,1,1,3.511.812,2.234.884
Nina Homes Phu My Hung,"Lê Văn Thiêm Phu My Hung, Quận 7, Hồ Chí Minh, Việt Nam","9,5",62,9.3,9.7,9.8,9.7,9.8,1,0,0,1,0,0,1,1,1,Không có giá trước,1.111.111
Khách sạn Minh Tâm (Minh Tam Hotel and Spa),"278 - 280 Cong Hoa, 13 Ward, Tân Bình, Hồ Chí Minh, Việt Nam, 70000","7,5",627,7.5,8.1,7.8,7.0,7.4,0,1,0,0,1,0,1,1,1,Không có giá trước,516.885
LANDMARK PLUS RESIDENCES LUXURY SUITE,"720A Dien Bien Phu Street, Ward 22, Binh Thanh, Landmark Plus, Landmark Plus, Bình Thạnh, Hồ Chí Minh, Việt Nam, 72300","8,1",355,8.3,7.7,7.9,7.9,7.4,1,0,1,1,1,1,1,1,1,Không có giá trước,Không có giá sau
Imperial Saigon hotel,"R4 79 - NOI KHU HUNG PHUOC 1 STREET, TAN PHONG WARD, 7 DISTRICT, Quận 7, Hồ Chí Minh, Việt Nam, 7000000","7,8",90,8.5,8.7,8.4,7.9,8.1,1,1,0,0,1,0,1,1,1,1.056.081,955.252
Jomo,"77 Huỳnh Tịnh Của, Quận 3, Hồ Chí Minh, Việt Nam","8,8",332,9.1,9.0,8.9,8.6,8.9,1,0,0,1,0,0,1,1,1,1.362.509,1.026.053
THE LANDMARK 81 RESIDENCES LUXURY SUITE,"720A Điện Biên Phủ, LANDMARK 81, Bình Thạnh, Hồ Chí Minh, Việt Nam, 72300","7,7",253,8.5,7.5,7.3,7.5,7.5,1,0,0,1,0,1,0,1,0,4.867.168,1.497.982
Warm Nest,"Đ. Phùng Văn Cung, Phường 7 Phú Nhuận, Warm Nest, Phú Nhuận, Hồ Chí Minh, Việt Nam","9,4",63,9.6,9.7,9.6,9.7,9.6,1,0,0,0,0,0,0,1,1,Không có giá trước,Không có giá sau
Khách sạn Bali (Bali Hotel),"39-41 (R4-76-77) noi khu Hung Phuoc 3, phuong Tan Phong, Quan 7, Quận 7, Hồ Chí Minh, Việt Nam","8,1",324,8.4,7.9,8.1,7.5,8.0,0,1,1,0,1,0,1,1,1,957.717,930.698
Căn hộ Metropole Thủ Thiêm (Metropole Thu Thiem Apartment ),"20 Nguyễn Thiện Th&#224;nh, Quận 2, Hồ Chí Minh, Việt Nam, 70000","6,9",25,7.2,7.2,7.1,6.4,7.8,1,0,1,1,1,1,1,1,1,6.000.000,2.493.056
HemTouch House,"No. 20, 146, Vo Thi Sau Street, Ward 8, Quận 3, Hồ Chí Minh, Việt Nam, 72408","9,5",194,9.5,9.9,9.8,9.7,9.9,1,1,0,0,1,0,1,1,0,908.186,751.981
phú gia bùi viện,"No. 21, 175 Pham Ngu Lao Street, Phu Gia, Bui Vien, phú gia bùi viện, Quận 1, Hồ Chí Minh, Việt Nam","7,5",1104,8.0,7.3,7.0,6.1,6.7,0,0,0,0,0,0,1,1,0,1.851.852,356.416
May Soho Saigon Serviced Apartment,"100 Cô Giang, 34, Quận 1, Hồ Chí Minh, Việt Nam, 700000","8,9",261,9.2,9.1,9.1,8.7,9.2,1,0,0,1,0,0,1,1,1,1.851.845,1.363.039
Covent Garden Hotel,"65/1 Thủ Khoa Huân, Quận 1, Hồ Chí Minh, Việt Nam","8,6",781,9.4,9.3,8.8,8.2,8.4,0,0,0,0,0,0,0,1,1,1.049.736,787.037
Urban Retreat Vinhomes Riverside,"208 Nguyen Huu Canh, Ward 22, Bình Thạnh, Hồ Chí Minh, Việt Nam, 72324","9,1",274,9.5,9.2,9.3,9.3,9.3,1,1,1,1,1,0,1,1,1,2.800.726,1.329.707
An Phu Plaza (An Phu Plaza Serviced Apartment),"117-119 Lý Chính Thắng, Quận 3, Quận 3, Hồ Chí Minh, Việt Nam","8,5",457,8.2,8.7,8.6,8.2,9.1,1,0,0,1,0,1,1,1,1,3.000.000,1.680.932
Hải Nam Hotel ( Sài Gòn ),"169 Đ. Lê Thánh Tôn, Quận 1, Hồ Chí Minh, Việt Nam, 70000","8,1",331,9.4,8.9,8.0,7.3,7.8,0,0,0,0,1,0,1,1,1,677.916,583.333
Nest Hotel,"100/2A3 Đường Trần Hưng Đạo, Nest Hotel, Quận 1, Hồ Chí Minh, Việt Nam","8,5",399,8.3,8.2,7.9,7.4,7.9,1,0,0,0,0,1,1,1,1,Không có giá trước,Không có giá sau
The Lancaster Lê Thánh Tôn Apartments D1,"20-22 Le Thanh Ton, District 1, HCMC, Quận 1, Hồ Chí Minh, Việt Nam, 71006","7,5",42,6.8,5.3,5.5,5.3,4.8,1,1,1,1,1,1,0,1,1,Không có giá trước,2.593.803
MIN' Apartment - Rivergate Residence Near Bui Vien,"150 Đ. Bến Vân Đồn, Phường 6, Quận 4, Hồ Chí Minh, Việt Nam","9,1",288,10.0,10.0,8.0,10.0,10.0,1,0,1,0,1,1,1,1,1,Không có giá trước,1.095.133
Lantern hotel,"122 Le Lai, Quận 1, Hồ Chí Minh, Việt Nam, 700000","9,2",537,9.4,9.8,9.4,8.9,9.3,0,1,0,0,1,0,1,1,1,1.981.655,1.174.205
Căn hộ Awesome CBD - Rivergate (Awesome CBD Apartment - Rivergate),"151 Ben Van Don, Quận 4, Hồ Chí Minh, Việt Nam, 700000","8,8",296,9.3,9.3,8.9,8.9,8.9,1,0,0,1,0,1,0,1,0,2.157.105,731.733
Home Away Serviced Apartment - Ky Con,"No. 2, 54, Ky Con Street, Nguyen Thai Binh Ward, Vietnam, Quận 1, Hồ Chí Minh, Việt Nam, 71010","9,0",250,9.1,9.6,9.3,8.8,9.1,1,0,0,0,1,0,0,1,0,1.672.075,672.550
KIN HOTEL DONG DU,"19 - 21 Dong Du street, Ben Nghe Ward, Quận 1, Hồ Chí Minh, Việt Nam, 77118","8,6",295,9.3,9.0,8.4,7.9,8.7,0,1,0,0,1,0,1,1,0,3.455.607,1.506.071
Vinhomes Central Park Collection IV by Elevate,"Tower Landmark 4, Vinhomes Central Park, 208 Duong Nguyen Huu Canh, Phuong 22, Binh Thanh, Ho Chi Minh, Bình Thạnh, Hồ Chí Minh, Việt Nam, -","9,5",99,9.6,9.5,9.6,9.6,9.6,1,0,1,1,0,1,1,1,1,1.957.000,1.326.592
Shogun Hotel,"449 Đ. Trần Hưng Đạo, Phường Cầu Kho, Quận 1, Quận 1, Hồ Chí Minh, Việt Nam, 71015","8,7",672,8.7,9.5,8.8,8.7,9.0,1,1,0,1,1,0,1,1,1,2.505.192,740.741
The Masteri Luxury Citypoint ANGIA,"179 Vo Nguyen Giap Street, An Phu Ward, Quận 2, Hồ Chí Minh, Việt Nam, 71107","9,7",71,9.8,9.7,9.5,9.8,9.7,1,0,1,1,1,1,0,1,1,2.735.366,1.275.251
HOME by FLATTO APARTMENT,"10 Khu Phố Nam Quang 1, Quận 7, Hồ Chí Minh, Việt Nam","9,1",92,9.3,9.7,9.1,9.0,9.2,1,0,1,0,1,0,1,1,1,1.102.458,1.062.500
Mia Hotel,"155 Đ. Calmette, Phường Nguyễn Thái Bình, Quận 1, Hồ Chí Minh, Việt Nam","9,2",457,9.4,9.7,9.2,8.6,9.4,1,0,1,0,0,1,1,1,0,Không có giá trước,916.667
F-APARTMENT,"1 Đường Bắc Nam 2, Quận 2, Hồ Chí Minh, Việt Nam","9,1",179,9.0,9.6,9.4,9.2,9.4,1,0,0,1,0,0,1,1,1,Không có giá trước,703.704
Biệt Thự Sông Sài Gòn (Villa Song Saigon),"197/2 Đường Nguyễn Văn Hưởng, Phường Thảo Điền, TP. Thu Duc, TP.HCM , Quận 2, Hồ Chí Minh, Việt Nam, 70000","8,9",801,8.6,9.4,8.8,8.8,9.3,1,1,0,1,1,1,1,1,1,5.004.413,3.101.257
Saigon Sirius,"151 Ben Van Don, District 4, Quận 4, Hồ Chí Minh, Việt Nam","8,5",247,6.0,10.0,6.0,6.0,6.0,1,0,1,1,1,1,1,1,1,1.217.568,895.949
Lè Métropole Saigon (Le Metropole Saigon),"Đường R12, Quận 2, Hồ Chí Minh, Việt Nam","8,3",318,8.9,7.8,8.4,8.5,8.6,1,0,1,1,1,1,0,1,1,3.028.081,2.199.074
Locasis Hotel and Service Apartment,"7 Ngô Văn Năm, Oriental Art Hotel & Apartment Dist. 1 HCMC, Quận 1, Hồ Chí Minh, Việt Nam","8,0",26,9.1,8.3,8.3,7.1,8.3,1,0,0,0,1,0,1,1,0,3.375.000,1.168.229
City By Night Ben Thanh Apartments,"45 Đ. Đặng Thị Nhu, Phường Nguyễn Thái Bình, The One Sài Gòn, Quận 1, Hồ Chí Minh, Việt Nam","8,6",591,9.3,8.6,8.3,8.3,8.5,0,0,1,0,1,1,1,1,0,Không có giá trước,1.623.638
Vista - Phu My Hung,"20 - 24 Noi khu Hung Gia 1, Tan Phong Ward, District 7, Quận 7, Hồ Chí Minh, Việt Nam, 70000","8,2",111,8.2,8.6,7.8,Không có,8.3,0,1,0,0,1,0,1,1,1,Không có giá trước,777.700
Nest Hotel,"100/2A3 Đường Trần Hưng Đạo, Nest Hotel, Quận 1, Hồ Chí Minh, Việt Nam","8,5",399,8.3,8.2,7.9,7.4,7.9,1,0,0,0,0,1,1,1,1,Không có giá trước,Không có giá sau
Bland Landmark Luxury Residence by Bevista,"208 Nguyễn Hữu Cảnh, Bình Thạnh, Hồ Chí Minh, Việt Nam, 700000","8,1",1260,8.5,7.6,7.9,7.8,7.7,1,1,1,0,1,1,1,1,1,3.666.078,1.745.690
Phước Lộc Thọ 2,"192 Đ. Sư Vạn Hạnh, Quận 5, Hồ Chí Minh, Việt Nam, 40000","8,4",78,8.6,8.6,8.6,8.2,8.6,1,0,1,1,1,0,1,1,1,1.186.372,773.345
Scenic Valley Suite,"Scenic Valley 1, Block F, Phú Mỹ Hưng, Phường Tân Phú, Quận 7, Hồ Chí Minh, Quận 7, Hồ Chí Minh, Việt Nam, 700000","8,3",792,8.8,8.6,8.6,8.6,8.3,1,1,1,0,1,1,1,1,1,1.915.455,1.592.765
Ngan Le Mot Dem Hotel,"16 Duong So 7, Khu Dan Cu Trung Son, Bình Hưng, Hồ Chí Minh, Việt Nam, 70000","9,1",76,9.0,9.9,9.8,9.5,9.5,1,0,1,0,1,0,1,1,1,3.603.716,858.422
Maison saigon - new urban escape,"183/47A Bui Vien Street, Pham Ngu Lao Ward, District 1, Quận 1, Hồ Chí Minh, Việt Nam, 70000","8,2",213,7.5,7.5,6.8,6.8,7.9,1,0,0,1,1,1,1,1,1,3.093.333,542.708
Song Hung 1 Luxury Hotel & Apartments,"R4, 66-67, Đường Hưng Phước 2, Phú Mỹ Hưng, phường Tân Phong, Quận 7, Hồ Chí Minh, Việt Nam, 700000","8,2",98,8.8,8.6,8.6,7.9,8.3,0,0,0,0,1,0,1,1,1,1.200.000,584.245
Somi Luxstay Landmark 81,"208 Nguyen Huu Canh, Landmark 81, Bình Thạnh, Hồ Chí Minh, Việt Nam, 700000","8,7",274,9.6,9.3,9.2,9.4,9.5,1,0,0,0,1,0,1,1,1,1.817.454,1.706.631
Khách sạn Piano (PIANO HOTEL),"Nguyễn Thái Bình 165/42, Quận 1, Hồ Chí Minh, Việt Nam","9,2",859,9.2,9.6,9.0,8.4,9.1,0,1,0,0,1,0,0,1,0,Không có giá trước,Không có giá sau
La Sonata Hotel,"42a Đường Bùi Thị Xuân Floor First, Quận 1, Hồ Chí Minh, Việt Nam, 700000","8,5",300,9.3,8.8,8.3,8.5,8.6,1,0,0,0,1,0,0,1,0,2.266.667,561.000
D1MENSION Luxury Apartment City Center,"D1Mension Residences, 608 Vo Van Kiet St, Cau Kho, Ho Chi Minh City, D1Mension Residences Ho Chi Minh City, Quận 1, Hồ Chí Minh, Việt Nam, 700000","9,1",6,9.6,9.2,9.2,8.8,8.4,0,0,0,0,0,0,1,1,0,Không có giá trước,Không có giá sau
JB Central Apartment,"8A/7C2 Thai Van Lung street Ben Nghe Ward, Quận 1, Hồ Chí Minh, Việt Nam","8,9",259,9.1,9.1,9.0,8.8,9.1,1,0,0,0,0,0,1,1,0,Không có giá trước,879.630
Warm Ways - Sài Gòn (Warm Ways - Sai Gon),"36 Noi Khu Hung Phuoc 1 Street, Quận 7, Hồ Chí Minh, Việt Nam, 700000","8,4",290,8.6,8.6,8.3,7.8,8.2,1,0,1,1,1,1,1,1,1,1.312.000,666.990
Khách sạn Hào Tín Bến Thành - Trung tâm Thành phố (Hao Tin Hotel Ben Thanh - City Central),"8Bis Cach Mang Thang 8, Phuong Ben Thanh, Quan 1, Ho Chi Minh, Vietnam, Quận 1, Hồ Chí Minh, Việt Nam, 700000","8,2",46,8.8,8.6,8.1,8.0,8.0,1,0,0,0,1,0,1,1,1,1.035.337,425.237
THE LUMIÈRE RIVERSIDE LUXURY SUITE,"No. 259, Vo Nguyen Giap Street, District 2, Thu Duc, Ho Chi Minh City, Quận 2, Hồ Chí Minh, Việt Nam, 71100","8,1",84,7.9,7.1,7.0,7.7,7.5,1,1,1,1,1,1,1,1,1,5.506.111,1.376.528
Khách sạn & Căn hộ Chánh Huy (Chanh Huy Apartments & Hotel),"Chanh Huy Apartments & Hotel, No. 96C, Nam Ky Khoi Nghia Street, Vietnam, Chanh Huy Apartments & Hotel, Quận 1, Hồ Chí Minh, Việt Nam","9,0",554,9.5,9.3,9.0,8.3,9.1,1,0,0,1,0,0,1,1,1,Không có giá trước,1.111.111
"Căn hộ 50 m² 1 phòng ngủ, 1 phòng tắm riêng ở Quận 1 (One bed Ben Thanh Tower, Free Pool/Gym, D1. 74)","45 D. Dang Thi Nhu, Nguyen Thai Binh Ward, The One Sai Gon, The One Sai Gon, Quận 1, Hồ Chí Minh, Việt Nam","8,6",486,9.3,8.3,8.7,8.5,8.3,1,0,1,1,1,1,0,1,0,2.500.000,1.524.032
Son&Henry Sailing Tower,"51 Đường Nguyễn Thị Minh Khai Sailing Tower, Quận 1, Hồ Chí Minh, Việt Nam","9,1",546,9.5,9.4,9.1,8.8,9.1,1,0,0,1,1,0,0,1,0,3.047.984,2.314.815
SQ Thao Dien,"16 Đường số 65, Quận 2, Hồ Chí Minh, Việt Nam","8,8",107,8.7,9.3,8.7,8.8,9.5,1,0,1,1,0,0,1,1,1,2.106.698,1.812.500
Ben Thanh Boutique Hotel,"55/34 Lê Thị Hồng Gấm, Quận 1, Hồ Chí Minh, Việt Nam, 70000","8,0",748,8.2,8.3,7.8,7.1,8.1,1,1,0,0,1,0,1,1,1,2.015.641,1.104.784
Dung India Hotel,"No. 105, Hoang Hoa Tham, Ward 13, Tan Binh, Tân Bình, Hồ Chí Minh, Việt Nam","8,0",38,9.0,9.5,8.5,8.0,8.0,0,0,0,0,1,0,1,1,1,Không có giá trước,Không có giá sau
The Waterfront Residence,"M124 Nguyễn Lương Bằng, Quận 7, Hồ Chí Minh, Việt Nam, 70000","7,8",43,7.8,8.1,7.8,8.1,8.3,1,0,1,1,0,1,1,1,1,5.200.000,3.595.832
Léman Luxury Apartment District 3 HCMC (Leman Luxury Apartment District 3 HCMC),"117 Nguyễn Đình Chiểu, Quận 3, Hồ Chí Minh, Việt Nam","8,6",217,9.0,9.2,8.6,8.6,8.8,0,0,1,0,1,1,0,1,0,3.355.832,2.777.778
Hai góc nhìn đẹp - River&Revenue trong *Thành phố mới* (Two Gorgeous Views - River&Revenue in *NewCity*),"No. 17, Mai Chi Tho Street, Hawaii 1, hawaii 1 , Quận 2, Hồ Chí Minh, Việt Nam","9,4",1268,8.3,8.0,8.6,8.4,8.1,1,0,0,0,0,1,0,1,1,1.900.000,1.627.517
Khách Sạn và Căn Hộ Royal Phú Mỹ Hưng (The Royal Hotel and Apartment Phu My Hung),"R3-13 Đường số 2, Khu phố Hưng Gia 2, Phường Tan Phong, Quận 7, Hồ Chí Minh, Việt Nam, 700000","8,1",505,8.1,8.6,8.1,7.4,8.1,1,1,1,0,1,0,1,1,1,2.463.872,867.445
SOHO Central Residence & Apartment District 1,"100 Cô Giang, Phường Cô Giang, Quận 1, Hồ Chí Minh, Việt Nam, 71013","8,8",294,6.5,6.2,5.8,6.4,6.7,1,0,0,0,1,0,1,1,1,2.565.460,1.268.093
The METROPOLE Luxury Citypoint ANGIA,"No. 20, Nguyen Thien Thanh, Thu Thiem, Quận 2, Hồ Chí Minh, Việt Nam","9,6",182,9.8,9.8,9.9,9.9,9.9,1,0,1,1,1,1,1,1,1,3.927.984,1.863.806
Nhà trọ Sài Gòn Chill (Saigon Chill Hostel),"28/10 Bùi Viện Pham Ngu Lao ward, District 1, Quận 1, Hồ Chí Minh, Việt Nam","9,0",847,9.6,9.4,9.4,8.9,9.1,1,0,0,0,0,0,0,1,0,Không có giá trước,1.018.519
Biệt thự Serenity Sài Gòn Sky – Dịch Vụ Đưa Đón Sân Bay Một Chiều Miễn Phí (Serenity Saigon Sky Villas - Free 1-way Airport Shuttle),"259 Điện Biên Phủ , Quận 3, Hồ Chí Minh, Việt Nam, 70000","8,6",185,9.3,9.0,8.8,9.3,9.0,1,1,1,1,1,1,1,1,1,Không có giá trước,2.953.704
Gia Huy Hotel,"26 Nguyễn An Ninh, Quận 1, Hồ Chí Minh, Việt Nam","8,5",951,9.5,9.3,8.6,8.3,8.5,0,0,0,0,1,0,0,1,0,765.738,731.624
Bliss Hostel 2,"222/14 Đường Bùi Viện Phường Phạm Ngũ Lão, Quận 1, Quận 1, Hồ Chí Minh, Việt Nam","7,2",19,8.0,8.5,7.3,6.4,6.5,0,0,0,0,1,1,0,1,1,Không có giá trước,Không có giá sau
Masteri Thao Dien Apartment,"159 Đ. V Nguy n Gi p, Quận 2, Hồ Chí Minh, Việt Nam, 700000","8,1",45,8.8,8.4,8.5,7.9,7.8,1,0,1,1,1,1,1,1,1,1.877.163,1.481.481
Căn Hộ Glenwood (Glenwood Apartment),"248 Nguyen Van Huong, Thao Dien Ward,, Quận 2, Hồ Chí Minh, Việt Nam, 700000","8,8",92,8.8,9.3,9.2,8.7,9.3,1,0,0,1,1,1,1,1,1,Không có giá trước,1.221.000
Matterhorn Inn Hotel,"47A Nguyễn Trãi, Quận 1, Hồ Chí Minh, Việt Nam","8,5",59,9.2,9.0,8.5,8.4,8.8,0,1,0,0,1,0,1,1,0,2.333.446,1.242.939
"Chung cư 78 m² 2 phòng ngủ, 2 phòng tắm riêng ở Quận 1 (DANNY 2BR APT, HIGH FLOOR & VIEW, FREE POOL)","Quận 1, Hồ Chí Minh, Việt Nam","8,3",92,8.6,8.5,8.6,8.4,8.2,1,0,0,1,0,0,0,0,0,2.600.000,1.302.448
D1 Mension - Zenity Luxury Apartment - Rooftop Pool - Saigon Centre,"608 Đường Võ Văn Kiệt, Quận 1, Quận 1, Hồ Chí Minh, Việt Nam","8,1",255,8.0,8.2,8.2,8.3,8.2,0,0,1,1,0,1,0,1,1,2.691.892,2.666.667
The AHouse Building,"18bis/9 Đ. Nguyễn Thị Minh Khai, Đa Kao, The AHouse, Quận 1, Hồ Chí Minh, Việt Nam, 700000","8,9",29,9.4,9.5,9.9,9.6,9.6,0,0,0,0,0,0,0,1,1,4.000.000,2.074.222
Isabelle Luxury inside Landmark 81 Tower,"Room 720A, Dien Bien Phu Street, Vinhomes Tan Cang, Bình Thạnh, Hồ Chí Minh, Việt Nam, 72300","8,4",33,9.0,8.5,8.3,8.6,8.8,1,0,0,1,0,0,1,1,1,2.780.158,2.658.730
Au Lac Boutique Hotel,"No. 93, Ho Tung Mau Street, Ben Nghe Au Lac Boutique Hotel, Au Lac Boutique Hotel, Quận 1, Hồ Chí Minh, Việt Nam, 700000","8,7",160,10.0,10.0,9.0,8.5,10.0,1,1,1,0,1,1,1,1,0,5.310.391,3.019.473
Royal State - The Ascentia Phu My Hung,"Room 3, Nguyen Luong Bang, The Ascentia Apartments, The Ascentia Apartments, Quận 7, Hồ Chí Minh, Việt Nam, 700000","9,4",48,9.3,9.7,9.7,9.6,9.7,1,0,1,0,0,1,1,1,1,Không có giá trước,Không có giá sau
Landmark 81 Residence Signature,"720A Dien Bien Phu, Ward 22, Bình Thạnh, Hồ Chí Minh, Việt Nam, 72300","9,3",235,9.6,9.5,9.6,9.5,9.6,1,1,1,1,1,1,0,1,1,4.284.571,1.776.188
Zenity View Residence Luxury Apartment,"No. 608 Vo Van Kiet, Zenity, Quận 1, Hồ Chí Minh, Việt Nam, 700000","6,8",84,8.0,8.0,8.0,6.0,10.0,0,0,0,0,0,0,1,1,0,Không có giá trước,2.910.403
LANDMARK 81 RESIDENCE,"720A Dien Bien Phu, Ward 22, Bình Thạnh, Hồ Chí Minh, Việt Nam, 72324","9,1",275,9.3,9.1,9.2,9.2,9.1,1,1,1,1,1,1,0,1,1,4.500.000,1.737.103
"Chung cư 120 m² 3 phòng ngủ, 2 phòng tắm riêng ở Quận 1 (DOWNTOWN 3BR, ROOFTOP, FREE POOL)","Quận 1, Hồ Chí Minh, Việt Nam","8,8",258,8.6,8.6,8.6,8.5,8.2,1,0,0,1,0,1,0,0,0,3.833.333,2.312.173
Khách sạn Bonka Luxury (Bonka Hotel Luxury Quan 5 HCM),"884 Trần Hưng Đạo, phường 7, Quận 5 Khách sạn Bonka Quận 5 Thành phố Hồ Chí Minh, Quận 5, Hồ Chí Minh, Việt Nam","7,7",134,8.5,8.4,8.0,7.8,7.8,1,0,0,0,1,0,1,1,1,Không có giá trước,453.704
Nhà dân Đồi Sao (Doi Sao Homestay),"Room 401, No. 17 Nguyen Duy Trinh, Binh Trung Tay Ward, District 2, Thu Duc City, Ho Chi Minh City, Quận 2, Hồ Chí Minh, Việt Nam","8,7",257,8.9,9.2,9.0,8.8,9.0,0,0,0,0,0,0,0,1,1,450.670,368.135
The Shilla Luxury I Hotel,"No. 75, Pham Khiem Ich, Phu My Hung Urban Area, Tan Phong Ward, District 7, Vietnam, Quận 7, Hồ Chí Minh, Việt Nam, 70000","8,1",304,8.6,8.3,8.1,7.5,8.1,1,0,0,0,1,0,1,1,1,471.896,397.590
"VIHOMES MASTERI - Complex ""Centre Point, Lumiere Boulevard"" - Free pool, gym, Yoga room","Masteri Centre Point, N2 Street, Long Thanh My, District 9, Ho Chi Minh 700000, Vietnam, Quận 9, Hồ Chí Minh, Việt Nam, 70000","8,0",9,8.6,8.6,8.6,9.4,9.4,1,0,1,1,1,1,1,1,1,1.443.694,808.558
An Lâm Retreats Saigon River (An Lam Retreats Saigon River),"21/4 Khu Phố Trung, Phường Vĩnh Phú, Vinh Phú, Thuận An, Việt Nam, 70000","8,9",1591,8.5,9.4,8.7,9.0,9.3,1,1,0,0,1,1,1,1,1,Không có giá trước,5.265.114
Convinia Luxury The Peak Midtown,"33 Đường số 16, M8 - The Peak Midtown, Quận 7, Hồ Chí Minh, Việt Nam, 700000","7,4",38,7.8,6.7,6.2,7.5,7.5,1,0,0,1,1,0,1,1,1,Không có giá trước,Không có giá sau
"Căn hộ 66 m² 2 phòng ngủ, 2 phòng tắm riêng ở Quận 7 (Anna's house Ecogreen Saigon D7 with a nice view)","Quận 7, Hồ Chí Minh, Việt Nam",Không có điểm đánh giá,Không có số nhận xét,Không có,Không có,Không có,Không có,Không có,1,0,0,1,0,1,0,0,0,Không có giá trước,1.587.188
"Nhà riêng 92 m² 2 phòng ngủ, 2 phòng tắm riêng ở Quận 4 (Luxury & Classy Homestay with Rooftop-Chill View)","Quận 4, Hồ Chí Minh, Việt Nam","7,4",3,9.0,8.0,9.0,9.0,8.0,1,0,0,1,0,1,0,1,1,1.940.035,1.907.268
"Căn hộ 95 m² 2 phòng ngủ, 2 phòng tắm riêng ở Quận 4 (Dreaming Suite 2bedrooms Zenity Apartment D1)","Quận 1, Hồ Chí Minh, Việt Nam",Không có điểm đánh giá,Không có số nhận xét,Không có,Không có,Không có,Không có,Không có,1,0,0,1,0,1,0,0,0,3.901.946,3.119.810
1118 Quang Trung Hotel,"1118 Đ. Quang Trung, Gò Vấp, Hồ Chí Minh, Việt Nam, 700000","7,5",127,7.8,7.7,7.4,6.8,7.7,1,1,0,0,1,0,1,1,1,Không có giá trước,2.113.753
"Nhà riêng 80 m² 1 phòng ngủ, 2 phòng tắm riêng ở Quận 4 (Spacious 2 bedroom with nice D7 view Sunrise North)","Quận 7, Hồ Chí Minh, Việt Nam",Không có điểm đánh giá,Không có số nhận xét,Không có,Không có,Không có,Không có,Không có,1,0,0,1,0,0,0,0,0,1.600.000,1.383.760
"Căn hộ 54 m² 1 phòng ngủ, 1 phòng tắm riêng ở Bình Thạnh (1 Bedroom Apartment Landmark Vinhome)","208 Đ. Nguyễn Hữu Cảnh, Vinhomes Tân Cảng, Landmark 2 , Bình Thạnh, Hồ Chí Minh, Việt Nam, 72324",Không có điểm đánh giá,Không có số nhận xét,Không có,Không có,Không có,Không có,Không có,1,0,0,1,0,1,0,1,1,3.227.570,2.033.057
"Căn hộ 140 m² 4 phòng ngủ, 3 phòng tắm riêng ở Quận 5 (The Perfect Accommodation 4Br)","Quận 5, Hồ Chí Minh, Việt Nam",Không có điểm đánh giá,Không có số nhận xét,Không có,Không có,Không có,Không có,Không có,1,0,0,1,0,0,0,0,1,12.453.764,7.807.733
"Rivergate Residence - Goby Home - Lux apartment, near Ben Thanh","151 Bến Vân Đồn, Quận 4, Hồ Chí Minh, Việt Nam","6,8",19,8.5,7.5,6.5,6.0,7.5,1,0,1,1,1,1,1,1,1,1.169.306,1.029.630
Qhome,"283/58 CMT8 , P12 quận 10., Quận 10, Hồ Chí Minh, Việt Nam","8,1",403,8.3,7.8,7.7,7.7,7.9,1,0,0,0,0,0,1,1,1,Không có giá trước,723.298
Lacasa Hotel,"No. 1, Phan Khiem Ich Street, Quận 7, Hồ Chí Minh, Việt Nam","8,0",1,8.0,8.0,8.0,8.0,8.0,0,1,0,0,1,0,1,1,1,Không có giá trước,Không có giá sau
"Căn hộ 32 m² 1 phòng ngủ, 1 phòng tắm riêng ở Quận 4 (Mike House#T41 - Stu near District 1, free Netflix)","Quận 4, Hồ Chí Minh, Việt Nam","4,2",2,6.0,8.0,5.0,4.0,6.0,1,0,0,1,0,0,0,0,1,1.289.461,1.025.816
HỒNG PHÁT HOTEL,"No. 81-83 Ong Ich Khiem, Ward 10, District 11, Ho Chi Minh City, 81-83 Ông Ích Khiêm, Phường 10, Quận 11, TP.HCM, Quận 11, Hồ Chí Minh, Việt Nam, 72600","8,1",157,8.3,8.3,7.7,7.0,7.4,1,0,0,0,1,0,1,1,1,Không có giá trước,413.773
Ha Bao Chau Hotel Tan Binh,"No. 3, Le Tan Quoc, Ward 13, Vietnam, Tân Bình, Hồ Chí Minh, Việt Nam, 700000","8,5",35,9.3,9.1,8.6,8.9,9.5,0,0,0,0,1,0,1,1,1,550.000,330.400
"Căn hộ 80 m² 1 phòng ngủ, 1 phòng tắm riêng ở Quận 1 (Charlotte De Saigon Studio 1Bed Ben Thanh Tower)","Quận 1, Hồ Chí Minh, Việt Nam",Không có điểm đánh giá,Không có số nhận xét,Không có,Không có,Không có,Không có,Không có,1,0,0,1,0,0,0,0,0,4.308.398,3.444.790
Japan Luna Hotel,"12 GS3, KP tây B, Japan Luna Hotel, Thủ Đức, Hồ Chí Minh, Việt Nam","4,8",1,4.0,4.0,4.0,4.0,8.0,0,0,0,0,0,0,1,1,1,1.368.081,357.605
"Nhà mặt đất 20 m² 1 phòng ngủ, 1 phòng tắm riêng ở Quận Tân Bình (P9Cozy private room w private balcony near Airport)","Tân Bình, Hồ Chí Minh, Việt Nam","9,1",3,9.0,9.0,10.0,9.0,10.0,0,0,0,1,0,0,0,0,0,44.091.710,43.369.929
"Căn hộ 55 m² 1 phòng ngủ, 1 phòng tắm riêng ở Quận 7 (Ascentina Apartment Phú Mỹ Hưng)","Quận 7, Hồ Chí Minh, Việt Nam",Không có điểm đánh giá,Không có số nhận xét,Không có,Không có,Không có,Không có,Không có,1,0,0,0,0,0,0,0,1,Không có giá trước,2.046.742
"Căn hộ 65 m² 2 phòng ngủ, 2 phòng tắm riêng ở Quận 4 (Scandinavian Apartment - FREE Pool & Gym)","Quận 4, Hồ Chí Minh, Việt Nam",Không có điểm đánh giá,Không có số nhận xét,Không có,Không có,Không có,Không có,Không có,1,0,0,1,0,1,0,0,1,1.952.863,1.807.906
"Nhà riêng 35 m² 1 phòng ngủ, 1 phòng tắm riêng ở Quận 9 (Vinhome Grand Park Homestay - ZEN Garden House)","Room S10.03, Origami, Vinhomes Grand Park, Long Binh, District 9 (Thu Duc City), Toà S10.03, Origami , Vinhome Grand Park, Quận 9, Hồ Chí Minh, Việt Nam, 71217",Không có điểm đánh giá,Không có số nhận xét,Không có,Không có,Không có,Không có,Không có,1,1,1,0,1,1,1,1,1,Không có giá trước,454.963
"Khách sạn Biển Sao 2 - Số 139/29 Nguyễn Văn Lượng (Bien Sao 2 Hotel - No. 139/29, Nguyen Van Luong)","Nguyen Van Luong, Phuong 10, Bien Sao 2 Hotel, Khách Sạn BIEN SAO 2 HOTEL, Gò Vấp, Hồ Chí Minh, Việt Nam, 70000","7,7",8,8.3,8.0,7.0,7.7,9.0,0,0,0,0,0,0,0,1,1,Không có giá trước,Không có giá sau
"Căn hộ 35 m² 1 phòng ngủ, 1 phòng tắm riêng ở Quận 4 (Summerset River Gate 1Bedroom D1 Bui Vien)","Quận 4, Hồ Chí Minh, Việt Nam",Không có điểm đánh giá,Không có số nhận xét,Không có,Không có,Không có,Không có,Không có,1,0,0,1,0,1,0,0,1,2.307.434,1.437.058
"Nhà riêng m² 1 phòng ngủ, 1 phòng tắm riêng ở Quận 9 (Căn hộ 1 Phòng Ngủ+ B.08.02)","Quận 9, Hồ Chí Minh, Việt Nam",10,1,10.0,10.0,10.0,10.0,10.0,1,0,0,1,0,1,0,0,0,1.385.588,853.825
"Nhà riêng m² 1 phòng ngủ, 1 phòng tắm riêng ở Quận 9 (Căn hộ 1 Phòng Ngủ + E1.10.02)","Quận 9, Hồ Chí Minh, Việt Nam",Không có điểm đánh giá,Không có số nhận xét,Không có,Không có,Không có,Không có,Không có,1,0,0,1,0,1,0,0,0,Không có giá trước,1.383.760
"Nhà riêng m² 1 phòng ngủ, 1 phòng tắm riêng ở Quận 9 (Căn hộ 1 Phòng Ngủ + E2.34.06)","Quận 9, Hồ Chí Minh, Việt Nam",Không có điểm đánh giá,Không có số nhận xét,Không có,Không có,Không có,Không có,Không có,1,0,0,1,0,1,0,0,0,1.385.588,853.825
"Nhà riêng m² 3 phòng ngủ, 2 phòng tắm riêng ở Quận 4 (OFF 33%| 3 bedroom Apt in D1 Free Pool/Gym/Sauna)","Quận 1, Hồ Chí Minh, Việt Nam",Không có điểm đánh giá,Không có số nhận xét,Không có,Không có,Không có,Không có,Không có,1,0,0,1,0,1,0,1,1,4.500.000,2.612.840
"Soothing Getaway Balcony, Kitchen & Rooftop","Quận 1, Hồ Chí Minh, Việt Nam","8,7",6,8.5,8.0,8.5,9.0,9.0,1,0,0,1,0,0,0,0,0,679.301,666.667
"Nhà riêng 75 m² 2 phòng ngủ, 2 phòng tắm riêng ở Quận 9 (Căn hộ 2 phòng ngủ + E2.04.09)","Quận 9, Hồ Chí Minh, Việt Nam",Không có điểm đánh giá,Không có số nhận xét,Không có,Không có,Không có,Không có,Không có,1,0,0,1,0,1,0,0,0,1.385.588,853.825
"Nhà riêng m² 2 phòng ngủ, 2 phòng tắm riêng ở Quận 4 (Large 6 paxs 2bedroom apartment at centre*poolgym)","Quận 1, Hồ Chí Minh, Việt Nam",Không có điểm đánh giá,Không có số nhận xét,Không có,Không có,Không có,Không có,Không có,1,0,0,1,0,1,0,1,0,3.135.338,1.974.873
"Nhà riêng m² 1 phòng ngủ, 4 phòng tắm riêng ở Quận 4 (6 Bedroom 5*Split Floor in D1 Spacious for Family)","Quận 1, Hồ Chí Minh, Việt Nam",Không có điểm đánh giá,Không có số nhận xét,Không có,Không có,Không có,Không có,Không có,1,0,0,1,0,1,0,1,1,9.499.983,5.515.987
Com Boutique Hotel & Restaurant,"No. 197, Nguyen Van Huong, Thao Dien, Quận 2, Hồ Chí Minh, Việt Nam, 700000",Không có điểm đánh giá,Không có số nhận xét,Không có,Không có,Không có,Không có,Không có,0,1,0,0,1,0,1,1,0,Không có giá trước,Không có giá sau
"Căn hộ m² 4 phòng ngủ, 2 phòng tắm riêng ở Bình Thạnh (• Hi Hi • 방4개+침대4개+화장실2개/수영장/헬스장/공항에서 숙소까지 15분)","Bình Thạnh, Hồ Chí Minh, Việt Nam",Không có điểm đánh giá,Không có số nhận xét,Không có,Không có,Không có,Không có,Không có,1,0,0,1,0,0,0,0,1,92.223.342,58.034.762
"Căn hộ 120 m² 3 phòng ngủ, 2 phòng tắm riêng ở Quận 1 (Penthouse Panoramique 3BR Ben Thanh Tower)","Quận 1, Hồ Chí Minh, Việt Nam",Không có điểm đánh giá,Không có số nhận xét,Không có,Không có,Không có,Không có,Không có,1,0,0,1,0,0,0,0,0,9.511.490,7.600.821
"Căn hộ 75 m² 2 phòng ngủ, 2 phòng tắm riêng ở Phước Kiển (Saigon South Hanok Residence)","Phước Kiển, Hồ Chí Minh, Việt Nam",Không có điểm đánh giá,Không có số nhận xét,Không có,Không có,Không có,Không có,Không có,0,0,0,0,0,0,0,0,0,3.500.000,2.106.431
Khách sạn Ánh Nguyệt 1 (Khach san Anh Nguyet 1),"86 Đường Trần Khắc Chân, Quận 1, Hồ Chí Minh, Việt Nam",Không có điểm đánh giá,Không có số nhận xét,Không có,Không có,Không có,Không có,Không có,0,0,0,0,0,0,0,1,1,457.771,351.852
"Căn hộ 40 m² 1 phòng ngủ, 1 phòng tắm riêng ở Phú Nhuận (Botanica Premier Luxury Apartment - Tan Binh District)","Phú Nhuận, Hồ Chí Minh, Việt Nam","8,6",2,8.0,10.0,9.0,8.0,8.0,1,0,0,1,0,1,0,0,1,Không có giá trước,798.821
Khách Sạn Lộc Thọ (Khach San Loc Tho),"254 Tây Thạnh 5, Tân Phú, Hồ Chí Minh, Việt Nam, 70000",Không có điểm đánh giá,Không có số nhận xét,Không có,Không có,Không có,Không có,Không có,0,0,0,0,0,0,0,1,1,Không có giá trước,416.667
Ahu Homestay,"1/6 Nguyen Van Trang street, Pham Ngu Lao ward, district 1, Ho Chi Minh city , Quận 1, Hồ Chí Minh, Việt Nam, 700000","8,2",299,8.4,7.8,7.6,7.4,7.8,0,0,0,0,0,0,0,1,0,409.756,300.326
"Nhà riêng m² 1 phòng ngủ, 1 phòng tắm riêng ở Quận 9 (Căn hộ Lumiere 1 PN+ B.10.08)","Quận 9, Hồ Chí Minh, Việt Nam",Không có điểm đánh giá,Không có số nhận xét,Không có,Không có,Không có,Không có,Không có,1,0,0,1,0,1,0,0,0,Không có giá trước,1.295.172
"Nhà riêng m² 1 phòng ngủ, 1 phòng tắm riêng ở Quận 9 (Căn hộ 1 Phòng Ngủ + E2.23.07)","Quận 9, Hồ Chí Minh, Việt Nam",Không có điểm đánh giá,Không có số nhận xét,Không có,Không có,Không có,Không có,Không có,1,0,0,1,0,1,0,0,0,Không có giá trước,1.295.172
Cho thuê căn hộ cao cấp Diamond skyvila cao cấp 3pn2wc 1 gara oto (Cho thue can ho cao cap Diamond skyvila cao cap 3pn2wc 1 gara oto),"Tân Phú, Hồ Chí Minh, Việt Nam",Không có điểm đánh giá,Không có số nhận xét,Không có,Không có,Không có,Không có,Không có,1,0,0,1,0,1,0,0,0,Không có giá trước,5.454.545
"Nhà riêng m² 1 phòng ngủ, 1 phòng tắm riêng ở Quận 9 (Căn hộ 1 Phòng Ngủ+ D.24.04)","Quận 9, Hồ Chí Minh, Việt Nam",Không có điểm đánh giá,Không có số nhận xét,Không có,Không có,Không có,Không có,Không có,1,0,0,1,0,1,0,0,0,1.385.588,853.825
"Căn hộ 80 m² 2 phòng ngủ, 2 phòng tắm riêng ở Bình Thạnh (Akela Vinhomes Central Park Apartments)","Bình Thạnh, Hồ Chí Minh, Việt Nam",Không có điểm đánh giá,Không có số nhận xét,Không có,Không có,Không có,Không có,Không có,1,0,0,1,0,1,0,0,1,Không có giá trước,3.700.721
"Căn hộ 76 m² 2 phòng ngủ, 2 phòng tắm riêng ở Quận 4 (Sunrise City North - 2 BedRoom Apartment)","27 Đường Nguyễn Hữu Thọ, Quận 7, Hồ Chí Minh, Việt Nam, 72912","8,9",4,10.0,9.0,9.0,10.0,10.0,1,0,1,1,1,1,1,1,1,Không có giá trước,2.513.644
"Căn hộ 108 m² 3 phòng ngủ, 2 phòng tắm riêng ở Bình Thạnh (3 Bedrom Apartment verry good)","Bình Thạnh, Hồ Chí Minh, Việt Nam",Không có điểm đánh giá,Không có số nhận xét,Không có,Không có,Không có,Không có,Không có,1,0,0,1,0,1,0,0,0,3.689.583,2.316.546
"Căn hộ 90 m² 3 phòng ngủ, 2 phòng tắm riêng ở Quận 4 (Deluxe 3Brs Apartment Near to Center)","Quận 4, Hồ Chí Minh, Việt Nam",Không có điểm đánh giá,Không có số nhận xét,Không có,Không có,Không có,Không có,Không có,1,0,0,1,0,1,0,0,1,2.469.136,2.420.272
"Căn hộ 80 m² 2 phòng ngủ, 2 phòng tắm riêng ở Bình Thạnh (Akela Vinhomes Central Park Apartments)","Bình Thạnh, Hồ Chí Minh, Việt Nam",Không có điểm đánh giá,Không có số nhận xét,Không có,Không có,Không có,Không có,Không có,1,0,0,1,0,1,0,0,1,Không có giá trước,3.700.721
"Căn hộ 76 m² 2 phòng ngủ, 2 phòng tắm riêng ở Quận 4 (Sunrise City North - 2 BedRoom Apartment)","27 Đường Nguyễn Hữu Thọ, Quận 7, Hồ Chí Minh, Việt Nam, 72912","8,9",4,10.0,9.0,9.0,10.0,10.0,1,0,1,1,1,1,1,1,1,Không có giá trước,2.513.644
"Căn hộ 108 m² 3 phòng ngủ, 2 phòng tắm riêng ở Bình Thạnh (3 Bedrom Apartment verry good)","Bình Thạnh, Hồ Chí Minh, Việt Nam",Không có điểm đánh giá,Không có số nhận xét,Không có,Không có,Không có,Không có,Không có,1,0,0,1,0,1,0,0,0,3.689.583,2.316.546
HANZ Thanh Thu Hotel,"No. 36, Nguyen An Ninh St, Ben Thanh Ward, Vietnam, Quận 1, Hồ Chí Minh, Việt Nam, 700000","9,4",135,9.8,9.5,9.5,9.4,9.5,1,0,0,0,1,0,1,1,1,Không có giá trước,Không có giá sau
"Căn hộ 90 m² 3 phòng ngủ, 2 phòng tắm riêng ở Quận 4 (Deluxe 3Brs Apartment Near to Center)","Quận 4, Hồ Chí Minh, Việt Nam",Không có điểm đánh giá,Không có số nhận xét,Không có,Không có,Không có,Không có,Không có,1,0,0,1,0,1,0,0,1,2.469.136,2.420.272
"Căn hộ 48 m² 1 phòng ngủ, 1 phòng tắm riêng ở Quận 1 (MarQ Luxury Apartment 48 - City Center Pool Gym)","Quận 1, Hồ Chí Minh, Việt Nam","9,6",46,9.9,9.6,9.5,Không có,9.3,1,0,0,1,0,1,0,0,1,Không có giá trước,2.075.302
Anthesis Riverside Apartment - Masteri Millennium,"132 Đ. Bến Vân Đồn, Phường 6, Masteri Millennium , Quận 4, Hồ Chí Minh, Việt Nam, 700000","8,3",375,9.0,8.0,9.0,8.5,9.0,1,0,0,1,1,1,1,1,1,Không có giá trước,1.301.852
RiO House - căn hộ Hà Đô Orchid 1 (RiO House - can ho Ha Đo Orchid 1),"200 Đường 3 Tháng 2 Toà nhà ORCHID 1, Quận 10, Hồ Chí Minh, Việt Nam","8,2",16,8.3,8.3,8.3,8.3,8.1,0,0,0,0,0,0,0,1,1,Không có giá trước,1.329.167
Midnight Corner Q7 Distric 7,"A46 Khu Dân Cư Tân Thuận Nam, Quận 7, Hồ Chí Minh, Việt Nam","4,2",5,7.5,2.5,5.0,2.5,5.0,0,0,0,0,0,0,0,1,1,Không có giá trước,462.963
"Căn hộ 65 m² 1 phòng ngủ, 1 phòng tắm riêng ở Quận 1 (Cozy Comfy 1BR apartment pool, gym, balcony)","Quận 1, Hồ Chí Minh, Việt Nam",Không có điểm đánh giá,Không có số nhận xét,Không có,Không có,Không có,Không có,Không có,1,0,0,1,0,0,0,0,0,4.308.398,3.444.790
"Căn hộ 84 m² 1 phòng ngủ, 2 phòng tắm riêng ở Bình Thạnh (2 Bathroom Apartment )","Bình Thạnh, Hồ Chí Minh, Việt Nam",Không có điểm đánh giá,Không có số nhận xét,Không có,Không có,Không có,Không có,Không có,1,0,0,1,0,1,0,0,0,2.767.097,1.738.083
"Căn hộ 48 m² 1 phòng ngủ, 1 phòng tắm riêng ở Quận 1 (MarQ Luxury Apartment 25 - City Center, Pool)","Quận 1, Hồ Chí Minh, Việt Nam",10,1,10.0,10.0,10.0,10.0,10.0,1,0,0,1,0,1,0,0,1,2.292.769,2.247.395
"Căn hộ 72 m² 1 phòng ngủ, 1 phòng tắm riêng ở Quận 1 (River Luxurios Apartment - Deluxe Pool View)","Quận 2, Hồ Chí Minh, Việt Nam","9,4",26,9.7,9.5,9.1,Không có,9.3,1,0,0,1,0,1,0,0,0,2.645.502,2.593.148
Quỳnh Giang Hoàng Việt HIECC (Quynh Giang Hoang Viet HIECC),"16/4 Hoang Viet Street, Ward 4, Tan Binh District, Ho Chi Minh, Tân Bình, Hồ Chí Minh, Việt Nam, 0","7,3",204,7.8,7.5,7.6,6.8,7.1,0,1,0,0,0,0,1,1,1,Không có giá trước,Không có giá sau
Căn hộ dịch vụ (Can ho dich vu),"Quận 1, Hồ Chí Minh, Việt Nam",Không có điểm đánh giá,Không có số nhận xét,Không có,Không có,Không có,Không có,Không có,1,0,0,1,0,0,0,0,0,Không có giá trước,1.574.074
KHÁCH SẠN CĂN HỘ SAKI 4 (SAKI APARTHOTEL 4),"188 Hà Huy Tập, Quận 7, Hồ Chí Minh, Việt Nam","6,1",72,6.4,6.1,6.1,5.8,5.7,1,0,0,0,0,0,1,1,1,553.176,396.798
"Căn hộ 75 m² 1 phòng ngủ, 1 phòng tắm riêng ở Phú Nhuận (Tân Sơn Nhất airport, BBQ, FREEGYM)","Tân Bình, Hồ Chí Minh, Việt Nam",Không có điểm đánh giá,Không có số nhận xét,Không có,Không có,Không có,Không có,Không có,1,0,0,0,0,1,0,0,1,2.767.097,1.738.083
"Căn hộ m² 1 phòng ngủ, 1 phòng tắm riêng ở Bình Thạnh (Ho Chi Minh City Condo L5)","Bình Thạnh, Hồ Chí Minh, Việt Nam",Không có điểm đánh giá,Không có số nhận xét,Không có,Không có,Không có,Không có,Không có,1,0,0,1,0,0,0,0,1,Không có giá trước,1.140.776
"Nhà riêng m² 2 phòng ngủ, 2 phòng tắm riêng ở Bình Thạnh (HCMC Condominium landmark4)","Bình Thạnh, Hồ Chí Minh, Việt Nam",Không có điểm đánh giá,Không có số nhận xét,Không có,Không có,Không có,Không có,Không có,1,0,0,1,0,0,0,0,1,Không có giá trước,1.442.570
"Căn hộ m² 3 phòng ngủ, 2 phòng tắm riêng ở Bình Thạnh (HCMC Luxury Apartment L3)","Bình Thạnh, Hồ Chí Minh, Việt Nam",Không có điểm đánh giá,Không có số nhận xét,Không có,Không có,Không có,Không có,Không có,1,0,0,1,0,0,0,0,1,Không có giá trước,2.184.378
"Nhà riêng 56 m² 2 phòng ngủ, 2 phòng tắm riêng ở Bình Thạnh (Vinhomes Central Park -2 Ngủ Cao Cấp Đẹp)","Bình Thạnh, Hồ Chí Minh, Việt Nam",Không có điểm đánh giá,Không có số nhận xét,Không có,Không có,Không có,Không có,Không có,1,0,0,1,0,0,0,0,0,1.469.724,1.429.909
"Căn hộ 30 m² 1 phòng ngủ, 1 phòng tắm riêng ở Quận 3 (Cubicity Hidden House 3B)","Quận 1, Hồ Chí Minh, Việt Nam",Không có điểm đánh giá,Không có số nhận xét,Không có,Không có,Không có,Không có,Không có,1,0,0,1,0,0,0,0,0,Không có giá trước,1.255.745
"Căn hộ m² 2 phòng ngủ, 2 phòng tắm riêng ở Bình Thạnh (Ho Chi Minh City Luxury Apartment)","Bình Thạnh, Hồ Chí Minh, Việt Nam",Không có điểm đánh giá,Không có số nhận xét,Không có,Không có,Không có,Không có,Không có,1,0,0,1,0,0,0,0,1,Không có giá trước,1.442.570
THE WHITE GUEST HOUSE (The white guest house),"26/5 Do Quang Dau Street, Pham Ngu Lao Ward, Quận 1, Hồ Chí Minh, Việt Nam, 70000","9,3",1576,9.3,9.7,9.2,8.8,9.4,1,0,0,0,1,1,1,1,0,Không có giá trước,Không có giá sau
Masteri Thao Dien - 2 Bedroom Sunset View with Pool GYM BBQ - District 2,"159 Đường Võ Nguyên Giáp, Quận 2, Hồ Chí Minh, Việt Nam","9,1",2,10.0,7.5,7.5,7.5,7.5,1,0,1,1,0,1,0,1,0,1.198.512,1.194.444
"Căn hộ m² 3 phòng ngủ, 2 phòng tắm riêng ở Bình Thạnh (Landmark6 Luxury Apartment Ho Chi Minh City)","Bình Thạnh, Hồ Chí Minh, Việt Nam",Không có điểm đánh giá,Không có số nhận xét,Không có,Không có,Không có,Không có,Không có,1,0,0,1,0,0,0,0,1,Không có giá trước,2.184.378
"Căn hộ m² 1 phòng ngủ, 1 phòng tắm riêng ở Bình Thạnh (Landmark1 Ho Chi Minh City Condo)","Bình Thạnh, Hồ Chí Minh, Việt Nam",Không có điểm đánh giá,Không có số nhận xét,Không có,Không có,Không có,Không có,Không có,1,0,0,1,0,0,0,0,0,Không có giá trước,1.140.776
"Căn hộ 120 m² 3 phòng ngủ, 2 phòng tắm riêng ở Bình Thạnh (The MiniMoment Home - 3-Bedroom Apt Cantavil)","Bình Thạnh, Hồ Chí Minh, Việt Nam","9,8",10,9.2,9.8,10.0,Không có,9.6,1,0,0,1,0,1,0,0,0,6.000.000,2.322.525
"Căn hộ 55 m² 2 phòng ngủ, 1 phòng tắm riêng ở Quận 9 (Thủy Trâm AirBNB House)","Quận 9, Hồ Chí Minh, Việt Nam","9,6",4,10.0,10.0,10.0,10.0,10.0,1,0,0,0,0,0,0,0,0,1.700.199,840.758
Grand Zenity D1 Residence,"608 Võ Văn Kiệt, Cầu Kho, Quận 1, Hồ Chí Minh, Việt Nam Zenity, Quận 1, Hồ Chí Minh, Việt Nam, 700000","9,9",3,10.0,10.0,10.0,9.2,10.0,1,0,0,1,0,0,0,1,1,Không có giá trước,2.851.852
HANZ 449 MyMy 2 Hotel,"662/7 Sư Vạn Hạnh , Phường 12, Q10, Hồ Chí Minh, Quận 10, Hồ Chí Minh, Việt Nam, 700000","7,4",147,7.7,7.7,7.4,7.4,7.5,0,0,0,0,1,1,0,1,1,Không có giá trước,610.112
"Nhà riêng m² 1 phòng ngủ, 1 phòng tắm riêng ở Phú Nhuận (Căn hộ cao cấp sân bay TSN 1)","104 Đ. Phổ Quang, Phường 2, the botanica, Tân Bình, Hồ Chí Minh, Việt Nam, 700000","9,3",3,10.0,10.0,10.0,10.0,10.0,1,0,0,1,0,1,0,1,0,Không có giá trước,Không có giá sau
"Biệt thự 25 m² 1 phòng ngủ, 0 phòng tắm riêng ở Quận 2 (ZK Homestay )","Quận 2, Hồ Chí Minh, Việt Nam",Không có điểm đánh giá,Không có số nhận xét,Không có,Không có,Không có,Không có,Không có,1,0,0,0,0,0,0,1,0,1.111.111,824.127
Khách sạn Tân Sơn Nhất (Tan Son Nhat Hotel),"200 Hoang Van Thu, Phu Nhuan District, Phú Nhuận, Hồ Chí Minh, Việt Nam","7,4",357,7.8,7.4,7.6,7.0,7.5,0,1,1,0,1,1,1,1,1,Không có giá trước,Không có giá sau
"Nhà riêng 30 m² 1 phòng ngủ, 1 phòng tắm riêng ở Quận 9 (Vinhomes Grand Park - Beautiful Studio Apartment)","Quận 9, Hồ Chí Minh, Việt Nam","5,6",1,8.0,4.0,8.0,2.0,6.0,1,0,0,1,0,0,0,0,0,Không có giá trước,615.231
"Chung cư studio 88 m² có 2 phòng tắm riêng ở Phú Nhuận (Apartment Near Tan Son Nhat Airport for rent, 3BR)","Phú Nhuận, Hồ Chí Minh, Việt Nam",Không có điểm đánh giá,Không có số nhận xét,Không có,Không có,Không có,Không có,Không có,1,0,0,1,0,1,0,0,0,2.939.447,2.821.987
Coco homestay,"No. 13, Lê Thị Riêng, Ben Thanh, Vietnam, Quận 1, Hồ Chí Minh, Việt Nam, 00700","6,9",59,8.1,7.0,6.8,6.3,6.8,0,0,0,1,0,0,0,1,1,Không có giá trước,458.333
"Căn hộ 50 m² 2 phòng ngủ, 1 phòng tắm riêng ở Quận 9 (LA Nest - Apartment with River View Luxury.)","Quận 9, Hồ Chí Minh, Việt Nam",10,10,9.8,10.0,10.0,10.0,10.0,1,0,0,1,0,1,0,0,1,Không có giá trước,770.212
"Căn hộ 70 m² 2 phòng ngủ, 2 phòng tắm riêng ở Quận 7 (Top Floor 2BRs Apt - Nice view - Free Gym & Pool)","Quận 7, Hồ Chí Minh, Việt Nam","8,7",3,10.0,10.0,8.7,Không có,8.7,1,0,0,1,0,1,0,0,0,Không có giá trước,1.340.518
"Căn hộ 80 m² 1 phòng ngủ, 1 phòng tắm riêng ở Quận 3 (Terra District 3 Apartment at City Center)","Quận 3, Hồ Chí Minh, Việt Nam",Không có điểm đánh giá,Không có số nhận xét,Không có,Không có,Không có,Không có,Không có,1,0,0,1,0,1,0,0,0,3.484.052,2.839.052
Homestay LakeViewCity Swimming Pool,"Đỗ Xuân Hợp, Quận 2, Hồ Chí Minh, Việt Nam","7,3",13,7.6,8.0,8.4,8.0,7.2,1,0,0,1,0,0,0,1,1,Không có giá trước,486.111
"Căn hộ 80 m² 1 phòng ngủ, 1 phòng tắm riêng ở Quận 3 (Five-star Central Luxury Apt Terra D3 2BR 75 m² )","Quận 3, Hồ Chí Minh, Việt Nam",Không có điểm đánh giá,Không có số nhận xét,Không có,Không có,Không có,Không có,Không có,1,0,0,0,0,1,0,0,0,3.496.457,2.787.634
Căn hộ studio 25 m² có 1 phòng tắm riêng ở Quận 9 (Vinhome Holidays Studio. Queen bed.),"Quận 9, Hồ Chí Minh, Việt Nam","9,3",33,9.2,9.4,9.5,9.5,9.4,1,0,0,1,0,1,0,0,1,847.395,577.414
KN 2 Villa - Venuestay,"Quận 2, Hồ Chí Minh, Việt Nam",10,1,10.0,10.0,10.0,10.0,10.0,1,0,0,0,0,0,0,1,0,17.756.360,16.937.500
"Căn hộ 70 m² 2 phòng ngủ, 2 phòng tắm riêng ở Quận 7 (River View 2BRs Apt - High floor -Comfort Pool&Gym)","Quận 7, Hồ Chí Minh, Việt Nam","9,6",13,8.0,10.0,10.0,10.0,10.0,1,0,0,1,0,1,0,0,0,Không có giá trước,1.340.518
"Căn hộ 55 m² 1 phòng ngủ, 1 phòng tắm riêng ở Quận 7 (Unique & Lovely 1 Bedroom Apt w Private Work space)","Quận 7, Hồ Chí Minh, Việt Nam",10,16,9.8,10.0,9.8,Không có,9.6,1,0,0,1,0,1,0,0,0,Không có giá trước,1.166.702
Chung cư studio 27 m² có 1 phòng tắm riêng ở Quận 4 (SAIGON 9- Rivergate 3mins Central pool/gym Netflix),"Quận 4, Hồ Chí Minh, Việt Nam",Không có điểm đánh giá,Không có số nhận xét,Không có,Không có,Không có,Không có,Không có,1,0,0,1,0,1,0,0,0,Không có giá trước,1.028.867
"Nhà riêng 100 m² 2 phòng ngủ, 2 phòng tắm riêng ở Quận 1 (Luxury 2BR Apartment in Central)","Quận 3, Hồ Chí Minh, Việt Nam","9,8",49,9.9,9.9,9.7,Không có,9.7,1,0,0,1,0,1,0,0,0,Không có giá trước,2.938.901
G9 Home,"Quận 7, Hồ Chí Minh, Việt Nam","5,6",9,3.0,4.5,4.0,4.5,4.5,0,0,0,0,0,1,0,0,0,Không có giá trước,500.000
Căn hộ studio 25 m² có 1 phòng tắm riêng ở Quận 9 (Vinhome Holidays Studio. Queen bed.),"Quận 9, Hồ Chí Minh, Việt Nam","9,3",33,9.2,9.4,9.5,9.5,9.4,1,0,0,1,0,1,0,0,1,847.395,577.414
KN 2 Villa - Venuestay,"Quận 2, Hồ Chí Minh, Việt Nam",10,1,10.0,10.0,10.0,10.0,10.0,1,0,0,0,0,0,0,1,0,17.756.360,16.937.500
"Căn hộ 70 m² 2 phòng ngủ, 2 phòng tắm riêng ở Quận 7 (River View 2BRs Apt - High floor -Comfort Pool&Gym)","Quận 7, Hồ Chí Minh, Việt Nam","9,6",13,8.0,10.0,10.0,10.0,10.0,1,0,0,1,0,1,0,0,0,Không có giá trước,1.340.518
Annie House,"6/6 Cách Mạng Tháng Tám, Quận 1, Hồ Chí Minh, Việt Nam, 70000",10,2,9.8,9.8,9.7,9.5,9.6,0,1,0,0,1,0,1,1,0,Không có giá trước,Không có giá sau
"Căn hộ 55 m² 1 phòng ngủ, 1 phòng tắm riêng ở Quận 7 (Unique & Lovely 1 Bedroom Apt w Private Work space)","Quận 7, Hồ Chí Minh, Việt Nam",10,16,9.8,10.0,9.8,Không có,9.6,1,0,0,1,0,1,0,0,0,Không có giá trước,1.166.702
Chung cư studio 27 m² có 1 phòng tắm riêng ở Quận 4 (SAIGON 9- Rivergate 3mins Central pool/gym Netflix),"Quận 4, Hồ Chí Minh, Việt Nam",Không có điểm đánh giá,Không có số nhận xét,Không có,Không có,Không có,Không có,Không có,1,0,0,1,0,1,0,0,0,Không có giá trước,1.028.867
"Nhà riêng 100 m² 2 phòng ngủ, 2 phòng tắm riêng ở Quận 1 (Luxury 2BR Apartment in Central)","Quận 3, Hồ Chí Minh, Việt Nam","9,8",49,9.9,9.9,9.7,Không có,9.7,1,0,0,1,0,1,0,0,0,Không có giá trước,2.938.901
G9 Home,"Quận 7, Hồ Chí Minh, Việt Nam","5,6",9,3.0,4.5,4.0,4.5,4.5,0,0,0,0,0,1,0,0,0,Không có giá trước,500.000
Ngọc Linh Hotel SG - by BAY LUXURY (Ngoc Linh Hotel SG - by BAY LUXURY),"193 Đường D2, Bình Thạnh, Hồ Chí Minh, Việt Nam",Không có điểm đánh giá,Không có số nhận xét,Không có,Không có,Không có,Không có,Không có,0,0,0,0,0,0,0,1,0,Không có giá trước,380.820
Kaizen Apartment,"Scenic Valley 2, Quận 7, Hồ Chí Minh, Việt Nam, 70000","9,6",3,10.0,10.0,10.0,9.2,9.2,1,0,0,1,0,0,0,1,1,Không có giá trước,1.600.926
"Nhà riêng 90 m² 2 phòng ngủ, 2 phòng tắm riêng ở Quận 1 (Enjoy Luxury 2BR Living in Saigon Center Dist1)","Quận 1, Hồ Chí Minh, Việt Nam",Không có điểm đánh giá,Không có số nhận xét,Không có,Không có,Không có,Không có,Không có,1,0,0,1,0,0,0,0,0,5.527.756,4.419.730
Solothurn Hotel Saigon,"No. 278, Le Thanh Ton Street, Ben Thanh Ward, Quận 1, Hồ Chí Minh, Việt Nam","8,7",181,9.5,9.1,8.5,8.6,8.5,0,0,0,0,1,0,1,1,1,1.867.304,990.270
Chung cư studio 40 m² có 1 phòng tắm riêng ở Quận 1 (Apartment 5 Stars - High Pool Infinity - CentCity),"Quận 1, Hồ Chí Minh, Việt Nam","8,6",14,9.1,7.8,8.9,8.5,8.8,1,0,0,1,0,1,0,1,0,7.084.721,3.303.104
CHILL HOME 2,"Phan Tây Hồ, Phú Nhuận, Hồ Chí Minh, Việt Nam","9,2",76,9.1,9.2,9.2,9.3,9.4,1,0,0,0,0,0,0,1,0,Không có giá trước,Không có giá sau
"Nhà riêng 20 m² 1 phòng ngủ, 1 phòng tắm riêng ở Phú Nhuận (Central Studio Apartment)","Bình Thạnh, Hồ Chí Minh, Việt Nam",10,1,10.0,10.0,10.0,10.0,10.0,0,0,0,0,0,0,0,0,0,3.650.793,3.578.544
"Căn hộ 35 m² 1 phòng ngủ, 1 phòng tắm riêng ở Bình Thạnh (3B MAISON Staycation)","Bình Thạnh, Hồ Chí Minh, Việt Nam",Không có điểm đánh giá,Không có số nhận xét,Không có,Không có,Không có,Không có,Không có,1,0,0,0,0,1,0,0,0,675.000,371.172
"Căn hộ m² 3 phòng ngủ, 1 phòng tắm riêng ở Quận 4 (THERoom - Nguyễn Công Trứ)","281 Nguyen Cong Tru Street, Pham Ngu Lao Ward, District 1, Quận 1, Hồ Chí Minh, Việt Nam, 700000","8,2",11,8.9,8.3,9.0,8.6,8.6,1,0,0,0,0,0,1,1,1,1.099.710,868.520
"Căn hộ 100 m² 2 phòng ngủ, 2 phòng tắm riêng ở Quận 1 (Elegant Apartment At Ben Thanh D1, Balcony&Pool)","Quận 1, Hồ Chí Minh, Việt Nam",Không có điểm đánh giá,Không có số nhận xét,Không có,Không có,Không có,Không có,Không có,1,0,0,1,0,0,0,0,0,5.527.756,4.419.730
"Căn hộ m² 1 phòng ngủ, 1 phòng tắm riêng ở Bình Thạnh (Căn hộ 1 PN tiện nghi ở Landmark)","Bình Thạnh, Hồ Chí Minh, Việt Nam",Không có điểm đánh giá,Không có số nhận xét,Không có,Không có,Không có,Không có,Không có,1,0,0,1,0,1,0,0,1,Không có giá trước,8.752.178
Căn hộ 2pn đầy đủ tiện nghi-Vinhomes Grand Park Quận 9 (Can ho 2pn đay đu tien nghi-Vinhomes Grand Park Quan 9),"Quận 9, Hồ Chí Minh, Việt Nam","8,8",18,8.3,9.1,9.7,9.7,9.6,1,0,0,1,0,1,0,0,1,645.768,632.813
Happy Hotel Bình Tân,"No. 305, Vo Tran Chi Street, Bình Tân, Hồ Chí Minh, Việt Nam","8,6",41,8.6,9.7,9.2,9.2,9.6,1,0,0,0,0,0,1,1,1,1.171.469,449.241
"Căn hộ 30 m² 1 phòng ngủ, 1 phòng tắm riêng ở Quận 4 (Luxury Stay in Rivergate with Netflix & River View)","Quận 4, Hồ Chí Minh, Việt Nam",Không có điểm đánh giá,Không có số nhận xét,Không có,Không có,Không có,Không có,Không có,1,0,0,1,0,1,0,0,1,1.400.000,853.825
"Căn hộ 75 m² 2 phòng ngủ, 2 phòng tắm riêng ở Quận 1 (Luxury Cosy Holiday Home )","Quận 2, Hồ Chí Minh, Việt Nam","7,5",2,10.0,10.0,10.0,10.0,10.0,1,0,0,1,0,1,0,0,1,4.004.838,3.695.236
Khách sạn Đông Đô Sài Gòn (Dong Do Saigon Hotel),"329-331 Nguyễn Thái Bình, Phường 12, QuậnTân Bình., Tân Bình, Hồ Chí Minh, Việt Nam, 70000","8,0",243,8.2,8.1,8.3,7.7,8.0,1,1,0,0,1,0,1,1,1,Không có giá trước,Không có giá sau
"Chung cư 30 m² 1 phòng ngủ, 0 phòng tắm riêng ở Quận 4 (DANNY - Best Studio FREE POOL)","Quận 4, Hồ Chí Minh, Việt Nam","8,0",4,8.0,7.5,8.5,7.5,8.5,1,0,0,1,0,0,0,0,0,1.555.556,1.048.527
Nau's Homestay 2,"158/44Bis Đoàn Văn Bơ, Phường 9 Nhà phố 4 tầng, Quận 4, Hồ Chí Minh, Việt Nam","9,8",5,9.5,10.0,10.0,9.5,9.5,1,0,0,1,0,0,0,1,1,456.776,427.500
"Biệt thự 700 m² 2 phòng ngủ, 2 phòng tắm riêng ở Bình Chánh (Vietnamese Traditional House, Garden, Kitchen, BBQ)","Bình Chánh, Hồ Chí Minh, Việt Nam","8,5",12,4.0,6.0,8.0,7.3,6.0,1,0,0,1,0,0,0,1,0,3.504.673,951.637
"Căn hộ m² 2 phòng ngủ, 2 phòng tắm riêng ở Bình Thạnh (La Paresident Landmark - 3)","Bình Thạnh, Hồ Chí Minh, Việt Nam",Không có điểm đánh giá,Không có số nhận xét,Không có,Không có,Không có,Không có,Không có,1,0,0,0,0,0,0,0,0,2.813.215,1.767.051
Khách sạn Hồng Bảo Thạch (Hong Bao Thach Hotel),"68 - 70 24A Street, Binh Tri Dong, Binh Tan, Bình Tân, Hồ Chí Minh, Việt Nam","7,7",19,8.0,8.3,7.4,7.3,7.7,0,0,0,0,0,0,1,1,0,812.000,600.938
"Căn hộ 80 m² 2 phòng ngủ, 2 phòng tắm riêng ở Bình Thạnh (Landmark Vinhomes Saigon)","Bình Thạnh, Hồ Chí Minh, Việt Nam",Không có điểm đánh giá,Không có số nhận xét,Không có,Không có,Không có,Không có,Không có,0,0,0,0,0,0,0,0,0,5.000.000,2.902.418
"Căn hộ 30 m² 2 phòng ngủ, 1 phòng tắm riêng ở Quận 1 (INSTA-WORTHY ☀️Home☁️ @Ben Thanh @District 1 Cmet)","Quận 1, Hồ Chí Minh, Việt Nam","7,8",2,8.0,10.0,7.0,7.0,7.0,1,0,0,1,0,0,0,0,0,1.450.329,757.167
"Căn hộ 70 m² 2 phòng ngủ, 2 phòng tắm riêng ở Quận 4 (Millennium Apartment-Central Spot)","Quận 4, Hồ Chí Minh, Việt Nam","6,6",4,9.0,8.0,8.0,10.0,6.7,1,0,0,1,0,1,0,0,1,Không có giá trước,849.312
"Chung cư 78 m² 2 phòng ngủ, 2 phòng tắm riêng ở Quận 4 (SAIGON 9- RiverGate 2BRS near Central pool/gym)","Quận 4, Hồ Chí Minh, Việt Nam",Không có điểm đánh giá,Không có số nhận xét,Không có,Không có,Không có,Không có,Không có,1,0,0,1,0,1,0,0,0,Không có giá trước,2.210.045
Thanh Nien Guest House,"212 Nguyen Dinh Chieu, Quận 3, Hồ Chí Minh, Việt Nam","8,1",58,8.6,8.6,8.3,8.2,7.8,1,0,0,0,0,1,1,1,0,Không có giá trước,Không có giá sau
Khách Sạn S811 Friday Premium (S811 Friday Premium Hotel),"811 Le Hong Phong, District 10, Quận 10, Hồ Chí Minh, Việt Nam, 700000",10,34,9.9,10.0,9.9,9.9,9.9,1,0,0,0,1,1,1,1,1,691.468,663.526
Fantastic Penthouse 2BR HaDo Centrosa,"Quận 10, Hồ Chí Minh, Việt Nam","9,6",17,10.0,10.0,10.0,10.0,10.0,1,0,0,1,0,1,0,1,1,6.128.955,2.045.112
"Căn hộ 90 m² 2 phòng ngủ, 1 phòng tắm riêng ở Quận 3 (An Corner-Terra Royal APT 33% OFF FREE pickup)","Quận 3, Hồ Chí Minh, Việt Nam",10,3,10.0,10.0,10.0,10.0,10.0,1,0,0,1,0,0,0,0,1,2.951.573,1.853.936
"Căn hộ 24 m² 1 phòng ngủ, 1 phòng tắm riêng ở Quận 3 (Relax at Tan Dinh's Modern Loft Apartment)","Quận 1, Hồ Chí Minh, Việt Nam",10,4,9.5,10.0,10.0,Không có,10.0,1,0,0,1,0,0,0,1,0,620.421,362.529
"Căn hộ 40 m² 1 phòng ngủ, 1 phòng tắm riêng ở Phú Nhuận (Austin Homes Sky Center-Near Tan Son Nhat Airport)","Tân Bình, Hồ Chí Minh, Việt Nam",Không có điểm đánh giá,Không có số nhận xét,Không có,Không có,Không có,Không có,Không có,1,0,0,1,0,1,0,1,1,1.296.149,692.086
"Căn hộ 500 m² 6 phòng ngủ, 6 phòng tắm riêng ở Bình Thạnh (KN1 Villa Thảo Điền)","Quận 2, Hồ Chí Minh, Việt Nam",10,2,10.0,10.0,10.0,10.0,10.0,1,0,0,1,0,0,0,0,0,17.777.778,15.591.429
HADO CENTROSA Luxury Citypoint,"200 Đ. 3 Tháng 2, Phường 10, Quận 10, Hồ Chí Minh, Việt Nam, 700000","9,6",20,9.8,9.5,9.7,9.4,9.7,1,0,1,1,1,1,1,1,1,4.098.801,1.944.583
The Malibu Hotel Saigon,"No. 353, Street 1, Binh Tri Dong B Ward, Binh Tan District, Phường Bình Trị Đông B, Quận Bình Tân, Bình Tân, Hồ Chí Minh, Việt Nam, 70000","8,8",84,8.7,9.1,9.0,8.9,9.4,0,0,0,0,0,0,1,1,1,2.216.814,1.753.809
"Nhà riêng 60 m² 5 phòng ngủ, 6 phòng tắm riêng ở Quận 1 (Nhà Nguyên căn 5 phòng ngủ 7 Giường)","Quận 1, Hồ Chí Minh, Việt Nam",Không có điểm đánh giá,Không có số nhận xét,Không có,Không có,Không có,Không có,Không có,1,0,0,1,0,0,0,0,1,10.000.000,5.804.835
"Căn hộ 65 m² 1 phòng ngủ, 1 phòng tắm riêng ở Bình Thạnh (Landmark 81 luxury 1-bedroom apartment)","Bình Thạnh, Hồ Chí Minh, Việt Nam",10,1,10.0,10.0,10.0,10.0,10.0,1,0,0,1,0,1,0,0,0,4.284.660,2.531.293
"Căn hộ 180 m² 4 phòng ngủ, 2 phòng tắm riêng ở Bình Thạnh (L81.11.06 - 4PN)","Bình Thạnh, Hồ Chí Minh, Việt Nam",Không có điểm đánh giá,Không có số nhận xét,Không có,Không có,Không có,Không có,Không có,1,0,0,1,0,1,0,0,1,13.169.152,12.179.645
"Căn hộ 50 m² 1 phòng ngủ, 1 phòng tắm riêng ở Quận 2 (Spacious & Modern 1Br Apartment In Masteri TĐ #D2)","Quận 2, Hồ Chí Minh, Việt Nam",Không có điểm đánh giá,Không có số nhận xét,Không có,Không có,Không có,Không có,Không có,1,0,0,1,0,1,0,0,0,4.130.000,1.198.592
"Căn hộ m² 1 phòng ngủ, 1 phòng tắm riêng ở Phú Nhuận (Khách sạn Nam Bắc)","Phú Nhuận, Hồ Chí Minh, Việt Nam",10,1,Không có,Không có,10.0,Không có,Không có,0,0,0,1,0,0,0,0,0,500.000,407.716
"Chung cư 96 m² 2 phòng ngủ, 2 phòng tắm riêng ở Quận 7 ( Nina Sg Condotel & Apartment Star Hill District 7)","Quận 7, Hồ Chí Minh, Việt Nam","4,6",6,5.2,4.0,4.4,5.2,4.0,1,0,0,1,0,1,0,0,0,2.023.124,1.693.101
Mekong Lounge city center with Arcade Game,"Quận 4, Hồ Chí Minh, Việt Nam","9,6",2,7.5,10.0,10.0,7.5,10.0,1,0,0,0,0,0,0,1,1,1.142.264,1.064.815
"Căn hộ 65 m² 1 phòng ngủ, 1 phòng tắm riêng ở Bình Thạnh (Landmark 81 luxury 1-bedroom apartment)","Bình Thạnh, Hồ Chí Minh, Việt Nam",10,1,10.0,10.0,10.0,10.0,10.0,1,0,0,1,0,1,0,0,0,4.284.660,2.531.293
"Căn hộ 180 m² 4 phòng ngủ, 2 phòng tắm riêng ở Bình Thạnh (L81.11.06 - 4PN)","Bình Thạnh, Hồ Chí Minh, Việt Nam",Không có điểm đánh giá,Không có số nhận xét,Không có,Không có,Không có,Không có,Không có,1,0,0,1,0,1,0,0,1,13.169.152,12.179.645
"Căn hộ 50 m² 1 phòng ngủ, 1 phòng tắm riêng ở Quận 2 (Spacious & Modern 1Br Apartment In Masteri TĐ #D2)","Quận 2, Hồ Chí Minh, Việt Nam",Không có điểm đánh giá,Không có số nhận xét,Không có,Không có,Không có,Không có,Không có,1,0,0,1,0,1,0,0,0,4.130.000,1.198.592
Khách Sạn Bến Thành Retreats (Ben Thanh Retreats Hotel),"121/39 Le Thi Rieng, Ben Thanh Ward, District 1, Ho Chi minh city, Quận 1, Hồ Chí Minh, Việt Nam, 70000","9,2",1154,9.2,9.6,9.3,8.7,9.4,1,1,0,0,1,1,1,1,1,Không có giá trước,Không có giá sau
"Căn hộ m² 1 phòng ngủ, 1 phòng tắm riêng ở Phú Nhuận (Khách sạn Nam Bắc)","Phú Nhuận, Hồ Chí Minh, Việt Nam",10,1,Không có,Không có,10.0,Không có,Không có,0,0,0,1,0,0,0,0,0,500.000,407.716
"Chung cư 96 m² 2 phòng ngủ, 2 phòng tắm riêng ở Quận 7 ( Nina Sg Condotel & Apartment Star Hill District 7)","Quận 7, Hồ Chí Minh, Việt Nam","4,6",6,5.2,4.0,4.4,5.2,4.0,1,0,0,1,0,1,0,0,0,2.023.124,1.693.101
Mekong Lounge city center with Arcade Game,"Quận 4, Hồ Chí Minh, Việt Nam","9,6",2,7.5,10.0,10.0,7.5,10.0,1,0,0,0,0,0,0,1,1,1.142.264,1.064.815
"Căn hộ 120 m² 2 phòng ngủ, 2 phòng tắm riêng ở Quận 4 (Harmony Millennium Gardens 2Br)","Quận 4, Hồ Chí Minh, Việt Nam",Không có điểm đánh giá,Không có số nhận xét,Không có,Không có,Không có,Không có,Không có,1,0,0,1,0,1,0,0,1,3.597.343,2.258.632
"Chung cư 40 m² 1 phòng ngủ, 1 phòng tắm riêng ở Quận 4 (SAIGON 9- RiverGate 1Br 3mins Central pool/gym)","Quận 4, Hồ Chí Minh, Việt Nam","9,3",4,9.5,9.5,9.0,9.0,9.5,1,0,0,1,0,1,0,0,0,Không có giá trước,1.278.510
"Căn hộ 36 m² 1 phòng ngủ, 1 phòng tắm riêng ở Phú Nhuận (Skycenter Near Tan Son Nhat Airport -Cherry Le)","Tân Bình, Hồ Chí Minh, Việt Nam","8,1",17,8.9,8.4,8.7,8.4,8.4,0,0,0,0,0,1,0,0,0,Không có giá trước,664.614
Ngọc Lan Hotel,"293 Ly Thuong Kiet, Ward 15, District 11, Ho Chi Minh City, Quận 11, Hồ Chí Minh, Việt Nam, 70000","8,0",107,8.6,8.5,7.9,8.1,8.0,1,0,0,0,0,0,1,1,1,464.694,437.548
"Căn hộ 78 m² 2 phòng ngủ, 2 phòng tắm riêng ở Quận 2 (AmbiHOME river-view 2BR Masteri Thao Dien T4[NETF])","Quận 2, Hồ Chí Minh, Việt Nam","9,5",22,7.0,8.0,8.0,8.0,8.0,1,0,0,1,0,1,0,0,1,2.385.783,1.366.459
"Căn hộ 50 m² 1 phòng ngủ, 1 phòng tắm riêng ở Tân Phú (Căn hộ 1PN 1WC ngay siêu thị Aeon Tân Phú )","Tân Phú, Hồ Chí Minh, Việt Nam",Không có điểm đánh giá,Không có số nhận xét,Không có,Không có,Không có,Không có,Không có,1,0,0,0,0,0,0,0,0,990.000,631.571
ZEN Building,"No. 13-15 Hoang Quoc Viet, Phu My, Quận 7, Hồ Chí Minh, Việt Nam","7,4",15,7.5,7.0,7.5,7.0,6.5,0,0,0,0,0,0,1,1,1,Không có giá trước,Không có giá sau
"Căn hộ 65 m² 2 phòng ngủ, 2 phòng tắm riêng ở Quận 2 (Luxury 2BR Diamond Island)","Quận 2, Hồ Chí Minh, Việt Nam",Không có điểm đánh giá,Không có số nhận xét,Không có,Không có,Không có,Không có,Không có,1,0,0,1,0,0,0,0,1,3.227.581,2.032.974
"Officetel Golden King Tower Apartment, District 7","Quận 7, Hồ Chí Minh, Việt Nam","9,9",2,10.0,10.0,10.0,10.0,10.0,1,0,0,1,0,0,0,0,1,Không có giá trước,1.296.296
"Căn hộ 65 m² 1 phòng ngủ, 1 phòng tắm riêng ở Quận 3 (Modern Apartment 1Bedroom in Saigon Central D10)","Quận 10, Hồ Chí Minh, Việt Nam",Không có điểm đánh giá,Không có số nhận xét,Không có,Không có,Không có,Không có,Không có,1,0,0,1,0,1,0,0,0,3.008.579,2.398.662
"Căn hộ 45 m² 1 phòng ngủ, 1 phòng tắm riêng ở Quận 3 (Beautiful Room with balcony, 400m to Pink Church )","Quận 1, Hồ Chí Minh, Việt Nam",Không có điểm đánh giá,Không có số nhận xét,Không có,Không có,Không có,Không có,Không có,1,0,0,1,0,0,0,1,0,1.624.264,1.551.444
The Metropole Riverside Apartment,"5 D6, An Khanh, Quận 2, Hồ Chí Minh, Việt Nam","8,2",6,Không có,Không có,Không có,Không có,Không có,1,0,0,0,1,1,0,1,1,Không có giá trước,3.374.241
Tago Boutique,"96 Đ. Đề Thám, Phường Cầu Ông Lãnh, Quận 1, Hồ Chí Minh, Việt Nam, 700000","9,0",29,9.0,7.5,8.5,8.0,9.0,0,0,0,0,1,0,1,1,0,Không có giá trước,573.054
"Căn hộ 80 m² 2 phòng ngủ, 2 phòng tắm riêng ở Quận 1 (The Rixx Lovely Apartment@D1/pool/gym/Netflix/kids)","15 Thi Sách, Bến Nghé, Quận 1, Hồ Chí Minh, Việt Nam","9,3",52,7.3,4.0,5.3,4.7,4.7,1,0,0,1,0,1,0,1,1,Không có giá trước,3.326.203
"Căn hộ 80 m² 1 phòng ngủ, 1 phòng tắm riêng ở Quận 4 (Icon 56 Luxury Rose Home)","Quận 4, Hồ Chí Minh, Việt Nam",Không có điểm đánh giá,Không có số nhận xét,Không có,Không có,Không có,Không có,Không có,1,0,0,0,0,1,0,0,0,3.772.769,2.740.529
"Nhà riêng 50 m² 1 phòng ngủ, 1 phòng tắm riêng ở Quận 1 (City view Studio near Ben Thanh market)","Quận 1, Hồ Chí Minh, Việt Nam",Không có điểm đánh giá,Không có số nhận xét,Không có,Không có,Không có,Không có,Không có,1,0,0,1,0,0,0,0,1,1.523.996,1.407.034
Venus Hotel & Massage,"359 Phạm Ngũ Lão, Quận 1, Hồ Chí Minh, Việt Nam","6,3",53,8.3,6.6,6.9,5.5,5.5,0,0,0,0,0,0,1,1,1,Không có giá trước,Không có giá sau
"Căn hộ 65 m² 2 phòng ngủ, 2 phòng tắm riêng ở Bình Thạnh (Vinhome central park 2BRs)","Bình Thạnh, Hồ Chí Minh, Việt Nam",Không có điểm đánh giá,Không có số nhận xét,Không có,Không có,Không có,Không có,Không có,1,0,0,0,0,0,0,0,0,Không có giá trước,2.033.027
CĂN HỘ 1PN 2 GiƯỜNG MASTERI CENTRE POINT NGAY VINCOME (CAN HO 1PN 2 GiUONG MASTERI CENTRE POINT NGAY VINCOME),"Quận 9, Hồ Chí Minh, Việt Nam","1,0",1,Không có,Không có,Không có,Không có,Không có,1,0,0,1,0,1,0,0,1,774.922,753.676
"Căn hộ 72 m² 2 phòng ngủ, 2 phòng tắm riêng ở Bình Thạnh (Apartment in HCM City, Vinhomes Landmark 4 2BR)","Bình Thạnh, Hồ Chí Minh, Việt Nam",Không có điểm đánh giá,Không có số nhận xét,Không có,Không có,Không có,Không có,Không có,1,0,0,0,0,0,0,0,0,Không có giá trước,1.458.507
"Căn hộ 100 m² 2 phòng ngủ, 2 phòng tắm riêng ở Quận 3 (Elevate Apartment 2Beds 2Bath In Saigon Central)","Quận 10, Hồ Chí Minh, Việt Nam",Không có điểm đánh giá,Không có số nhận xét,Không có,Không có,Không có,Không có,Không có,1,0,0,1,0,1,0,0,0,3.171.205,2.528.319
Casa Par Grand Suites - Highclass & Central Spot,"83 Ly Chinh Thang Street, Ward 8, District 3, Quận 3, Hồ Chí Minh, Việt Nam, 72400","7,9",89,6.7,5.7,6.3,7.0,6.7,1,0,0,0,1,0,0,1,0,1.289.683,958.028
"Căn hộ 100 m² 1 phòng ngủ, 1 phòng tắm riêng ở Quận 1 (Manoir Historique Balcony Flat D1 Ben Thanh Tower)","Quận 1, Hồ Chí Minh, Việt Nam",Không có điểm đánh giá,Không có số nhận xét,Không có,Không có,Không có,Không có,Không có,1,0,0,1,0,0,0,0,0,4.308.398,3.444.790
"Căn hộ 80 m² 2 phòng ngủ, 2 phòng tắm riêng ở Quận 7 (Scenic Valley 2Bed, nice view)","Quận 7, Hồ Chí Minh, Việt Nam",Không có điểm đánh giá,Không có số nhận xét,Không có,Không có,Không có,Không có,Không có,1,0,0,0,0,0,0,0,0,Không có giá trước,2.115.496
"Căn hộ 72 m² 2 phòng ngủ, 2 phòng tắm riêng ở Bình Thạnh (Cho thuê 2PN-Vinhomes Central Park)","Bình Thạnh, Hồ Chí Minh, Việt Nam",Không có điểm đánh giá,Không có số nhận xét,Không có,Không có,Không có,Không có,Không có,1,0,0,1,0,1,0,0,0,Không có giá trước,1.921.576
"Apartment Scenic valley near FV SECC D,7","Block I, 2 Đ Tôn Dật Tiên, Tân Phong, Quận 7, Hồ Chí Minh 72900, Việt Nam, Quận 7, Hồ Chí Minh, Việt Nam","2,0",1,2.0,2.0,2.0,2.0,2.0,0,0,0,0,0,0,0,1,1,1.619.938,1.410.000
Skycure Serviced Apartments,"102A Tôn Thất Tùng, Quận 1, Hồ Chí Minh, Việt Nam","9,6",47,9.8,9.9,9.8,9.5,9.7,1,0,0,1,1,0,0,1,0,Không có giá trước,Không có giá sau
"Căn hộ 55 m² 1 phòng ngủ, 1 phòng tắm riêng ở Bình Thạnh (1BR at Landmark Plus #HighClass + Pool and Gym)","Bình Thạnh, Hồ Chí Minh, Việt Nam",Không có điểm đánh giá,Không có số nhận xét,Không có,Không có,Không có,Không có,Không có,1,0,0,0,0,0,0,0,0,1.800.000,1.161.737
"Chung cư studio 18 m² có 1 phòng tắm riêng ở Bình Thạnh (Mini apartment, nature light, nice decor)","Bình Thạnh, Hồ Chí Minh, Việt Nam","8,0",1,8.0,6.0,8.0,8.0,10.0,1,0,0,1,0,0,0,0,0,283.403,263.151
LACOSTE Urban Living-Streetview with 100m2 Rooftop Pool-Early Check in,"212B Đường Nguyễn Trãi, Quận 1, Hồ Chí Minh, Việt Nam","2,0",1,2.0,2.0,Không có,2.0,2.0,1,0,1,1,1,0,0,1,1,918.570,618.519
"Nhà riêng 100 m² 1 phòng ngủ, 1 phòng tắm riêng ở Quận 1 (Sunrise Loft Ben Thanh Tower District 1)","Quận 1, Hồ Chí Minh, Việt Nam",Không có điểm đánh giá,Không có số nhận xét,Không có,Không có,Không có,Không có,Không có,1,0,0,1,0,0,0,0,0,4.308.398,3.444.790
Phổ quang (Pho quang),"Tân Bình, Hồ Chí Minh, Việt Nam","9,6",5,10.0,10.0,9.4,9.4,9.4,1,0,0,1,0,0,0,1,0,Không có giá trước,370.370
"Chung cư 40 m² 1 phòng ngủ, 1 phòng tắm riêng ở Bình Thạnh (THE MANOR 2 STUDIO APT FREE ROOFTOP POOL )","Bình Thạnh, Hồ Chí Minh, Việt Nam","8,0",57,8.8,8.7,7.6,8.3,8.1,1,0,0,1,0,0,0,0,1,1.792.990,798.579
Căn hộ Melow Riverview (Melow Riverview Apartment),"Số 23A Đường số 6, Phường Thảo Điền, Quận 2, Hồ Chí Minh, Việt Nam, 71107","8,2",111,8.5,8.5,8.4,8.2,8.2,1,0,0,1,1,1,1,1,1,1.016.788,789.695
Thanh Hương Hotel,"No. 84C, Hoa Binh, Ward 5, District 11, Ho Chi Minh City, Quận 11, Hồ Chí Minh, Việt Nam","7,6",71,8.3,9.2,8.3,8.3,8.0,0,0,0,0,0,0,0,1,1,1.022.411,317.829
Khách sạn Signy House Trung tâm Sài Gòn - Nguyễn Bỉnh Khiêm (Signy House Hotel Sai Gon Center - Nguyễn Bỉnh Khiêm),"54/6 Nguyễn Bỉnh Khiem, Phường Đa Kao, Quận 1, Hồ Chí Minh, Việt Nam, 00700","8,1",10,9.6,9.2,9.2,8.8,9.6,0,0,0,1,0,0,0,1,1,1.238.021,580.439
"Căn hộ 100 m² 2 phòng ngủ, 2 phòng tắm riêng ở Quận 1 (Residence De Penthouse Ben Thanh Tower Central D1)","Quận 1, Hồ Chí Minh, Việt Nam",Không có điểm đánh giá,Không có số nhận xét,Không có,Không có,Không có,Không có,Không có,1,0,0,1,0,0,0,0,0,5.527.756,4.419.730
3Br Landmark 2 Vinhome Central Park,"Bình Thạnh, Hồ Chí Minh, Việt Nam",Không có điểm đánh giá,Không có số nhận xét,Không có,Không có,Không có,Không có,Không có,1,0,0,1,0,0,0,0,1,2.304.863,2.129.630
"Căn hộ 90 m² 2 phòng ngủ, 2 phòng tắm riêng ở Bình Thạnh (LUXuRY LIViNG VinHome-Landmark81-2Br-RiverView)","Bình Thạnh, Hồ Chí Minh, Việt Nam","9,7",5,10.0,9.6,9.6,9.6,9.6,1,0,0,1,0,1,0,0,1,663.469,86.051
"Căn hộ 72 m² 2 phòng ngủ, 2 phòng tắm riêng ở Bình Thạnh (Two Bedroom apartment in Landmark 2)","Bình Thạnh, Hồ Chí Minh, Việt Nam",10,1,10.0,10.0,10.0,10.0,10.0,1,0,0,1,0,1,0,1,1,Không có giá trước,2.919.693
"Chung cư 82 m² 2 phòng ngủ, 2 phòng tắm riêng ở Bình Thạnh (Beautiful river-view Vinhomes Landmark plus)","Bình Thạnh, Hồ Chí Minh, Việt Nam",Không có điểm đánh giá,Không có số nhận xét,Không có,Không có,Không có,Không có,Không có,1,0,0,1,0,1,0,0,0,15.522.649,13.512.572
Trung Son Hotel,"89 Street 6, Hung Phuoc 4, Phu My Hung ; District 7, Quận 7, Hồ Chí Minh, Việt Nam",Không có điểm đánh giá,Không có số nhận xét,Không có,Không có,Không có,Không có,Không có,0,0,0,0,0,0,0,1,1,965.412,825.022
"Căn hộ 72 m² 2 phòng ngủ, 2 phòng tắm riêng ở Bình Thạnh (Two Bedroom apartment in Landmark 2)","Bình Thạnh, Hồ Chí Minh, Việt Nam",10,1,10.0,10.0,10.0,10.0,10.0,1,0,0,1,0,1,0,1,1,Không có giá trước,2.919.693
"Chung cư 82 m² 2 phòng ngủ, 2 phòng tắm riêng ở Bình Thạnh (Beautiful river-view Vinhomes Landmark plus)","Bình Thạnh, Hồ Chí Minh, Việt Nam",Không có điểm đánh giá,Không có số nhận xét,Không có,Không có,Không có,Không có,Không có,1,0,0,1,0,1,0,0,0,15.522.649,13.512.572
Trung Son Hotel,"89 Street 6, Hung Phuoc 4, Phu My Hung ; District 7, Quận 7, Hồ Chí Minh, Việt Nam",Không có điểm đánh giá,Không có số nhận xét,Không có,Không có,Không có,Không có,Không có,0,0,0,0,0,0,0,1,1,956.100,817.064
ZEN Building,"No. 13-15 Hoang Quoc Viet, Phu My, Quận 7, Hồ Chí Minh, Việt Nam","7,4",15,7.5,7.0,7.5,7.0,6.5,0,0,0,0,0,0,1,1,1,Không có giá trước,Không có giá sau
Happy Residence Premier Near - SECC - 3 BR,"Quận 7, Hồ Chí Minh, Việt Nam",Không có điểm đánh giá,Không có số nhận xét,Không có,Không có,Không có,Không có,Không có,1,0,0,1,0,1,0,0,0,Không có giá trước,Không có giá sau
"Căn hộ 45 m² 1 phòng ngủ, 1 phòng tắm riêng ở Quận 4 (Miraculous studio in Millennium)","Quận 4, Hồ Chí Minh, Việt Nam","8,4",1,10.0,8.0,6.0,10.0,8.0,1,0,0,1,0,1,0,0,1,1.371.742,1.345.322
"Chung cư 28 m² 1 phòng ngủ, 1 phòng tắm riêng ở Quận 4 (ELEGANT APART-FREE Pool,Gym&5Min To EveryWhere)","Quận 4, Hồ Chí Minh, Việt Nam","6,8",23,8.1,6.7,6.7,7.6,6.8,1,0,0,1,0,1,0,0,0,847.612,417.011
"Biệt thự 126 m² 1 phòng ngủ, 1 phòng tắm riêng ở Quận 9 (Là Lá Homestay Vinhomes Grand Park )","Đ. Nguyễn Xiển, Long Bình, Manhattan Glory - Vinhomes Grand Park, Quận 9, Hồ Chí Minh, Việt Nam, 7300",Không có điểm đánh giá,Không có số nhận xét,Không có,Không có,Không có,Không có,Không có,1,0,1,1,0,0,0,1,1,Không có giá trước,2.187.500
"Căn hộ 68 m² 2 phòng ngủ, 2 phòng tắm riêng ở Bình Thạnh (One Bedrooms at Landmark 2)","Bình Thạnh, Hồ Chí Minh, Việt Nam",Không có điểm đánh giá,Không có số nhận xét,Không có,Không có,Không có,Không có,Không có,1,0,0,1,0,1,0,1,0,3.948.322,2.485.250
Vinhomes Central Park ChauMinh apartment - Căn hộ dịch vụ cho thuê Hồ Chí Minh (Vinhomes Central Park ChauMinh apartment - Can ho dich vu cho thue Ho Chi Minh),"Bình Thạnh, Hồ Chí Minh, Việt Nam",Không có điểm đánh giá,Không có số nhận xét,Không có,Không có,Không có,Không có,Không có,1,0,0,1,0,0,0,0,1,Không có giá trước,1.111.111
Khách sạn Macallan (Macallan Hotel),"6 Khu Phố Hưng Phước 3, Quận 7, Hồ Chí Minh, Việt Nam, 72900","8,9",6,9.7,9.0,8.7,8.7,8.3,0,1,0,0,1,0,0,1,1,1.537.253,886.174
"Nhà riêng 135 m² 3 phòng ngủ, 2 phòng tắm riêng ở Hóc Môn (Longhomestay )","Hóc Môn, Hồ Chí Minh, Việt Nam",Không có điểm đánh giá,Không có số nhận xét,Không có,Không có,Không có,Không có,Không có,1,0,0,1,0,0,0,0,0,1.290.000,735.021
"Căn hộ 94 m² 2 phòng ngủ, 2 phòng tắm riêng ở Quận 1 (Opera Metropole-River, City View)","Quận 2, Hồ Chí Minh, Việt Nam",10,1,8.0,10.0,10.0,Không có,10.0,1,0,0,1,0,0,0,0,1,3.400.000,2.971.746
Venus Hotel & Massage,"359 Phạm Ngũ Lão, Quận 1, Hồ Chí Minh, Việt Nam","6,3",53,8.3,6.6,6.9,5.5,5.5,0,0,0,0,0,0,1,1,1,Không có giá trước,Không có giá sau
Nguyen Le Suite,"27A Nguyễn Đình Chiểu, Đa Kao, Quận 1, Hồ Chí Minh, Việt Nam, 700000","8,6",5,Không có,Không có,Không có,Không có,Không có,0,0,0,0,0,0,0,1,0,Không có giá trước,1.330.496
"Căn hộ 69 m² 2 phòng ngủ, 2 phòng tắm riêng ở Quận 9 (Nơi nghĩ dưỡng thoải mái cho gia đình bạn)","Quận 9, Hồ Chí Minh, Việt Nam",Không có điểm đánh giá,Không có số nhận xét,Không có,Không có,Không có,Không có,Không có,1,0,0,1,0,1,0,0,1,1.240.501,1.203.422
"Nhà riêng 22 m² 1 phòng ngủ, 1 phòng tắm riêng ở Quận 7 (Mây 6 - One Bedroom Apartment)","Quận 7, Hồ Chí Minh, Việt Nam",10,1,10.0,10.0,10.0,10.0,10.0,1,0,0,0,0,0,0,0,0,Không có giá trước,1.140.635
"Căn hộ 68 m² 1 phòng ngủ, 1 phòng tắm riêng ở Bình Thạnh (L6.42.12 - 1PN 1 phòng ngủ)","Bình Thạnh, Hồ Chí Minh, Việt Nam",Không có điểm đánh giá,Không có số nhận xét,Không có,Không có,Không có,Không có,Không có,1,0,0,1,0,1,0,0,1,2.135.132,1.976.623
"Căn hộ 100 m² 1 phòng ngủ, 1 phòng tắm riêng ở Quận 3 (COZY - Parkside - 103)","Quận 1, Hồ Chí Minh, Việt Nam","7,8",7,6.0,2.0,8.0,6.0,8.0,1,0,0,1,0,0,0,0,0,Không có giá trước,432.329
"Căn hộ 86 m² 2 phòng ngủ, 2 phòng tắm riêng ở Bình Thạnh (Spacous Living Room 2BR L81 /Beside Vincom Center )","Bình Thạnh, Hồ Chí Minh, Việt Nam","2,0",1,2.0,2.0,2.0,2.0,2.0,1,0,0,1,0,1,0,0,1,Không có giá trước,Không có giá sau
N.Y Kim Phuong Hotel,"22 Hai Bà Trưng, Quận 1, Hồ Chí Minh, Việt Nam, 70000","7,1",215,8.6,7.3,7.4,5.8,6.6,1,1,0,1,1,0,1,1,1,Không có giá trước,347.907
"Nhà riêng 80 m² 2 phòng ngủ, 2 phòng tắm riêng ở Quận 7 (Ecogreen Saigon D7 2bedroom 2wc Homesweet)","Quận 7, Hồ Chí Minh, Việt Nam",Không có điểm đánh giá,Không có số nhận xét,Không có,Không có,Không có,Không có,Không có,0,0,0,0,0,0,0,1,1,2.305.884,1.448.624
The Jade Apartment - NTMK,"Quận 3, Hồ Chí Minh, Việt Nam",10,2,10.0,10.0,10.0,10.0,10.0,1,0,0,0,0,0,0,0,0,Không có giá trước,805.556
Skycure Serviced Apartments,"102A Tôn Thất Tùng, Quận 1, Hồ Chí Minh, Việt Nam","9,6",47,9.8,9.9,9.8,9.5,9.7,1,0,0,1,1,0,0,1,0,Không có giá trước,Không có giá sau
"Căn hộ 70 m² 2 phòng ngủ, 2 phòng tắm riêng ở Quận 7 (Apartment for rent in The Peak Midtown District 7)","Quận 7, Hồ Chí Minh, Việt Nam",Không có điểm đánh giá,Không có số nhận xét,Không có,Không có,Không có,Không có,Không có,1,0,0,1,0,1,0,0,0,4.751.830,3.493.810
"Chung cư 35 m² 1 phòng ngủ, 1 phòng tắm riêng ở Quận 4 (C.O.C No1.APART -POOLGYM -5Min To Center -35m2)","Quận 4, Hồ Chí Minh, Việt Nam",10,1,10.0,10.0,10.0,10.0,10.0,1,0,0,1,0,1,0,0,0,79.635.280,69.056.791
"Căn hộ 25 m² 1 phòng ngủ, 1 phòng tắm riêng ở Quận 1 (402 Lily Private house in city center )","Quận 1, Hồ Chí Minh, Việt Nam","4,8",2,6.0,6.0,4.0,4.0,4.0,1,0,0,0,0,0,0,0,0,Không có giá trước,560.610
"Căn hộ 50 m² 1 phòng ngủ, 1 phòng tắm riêng ở Bình Thạnh (VINHOMES CENTRAL PARK - SKY VIEW - LANDMARK PLUS 1)","Bình Thạnh, Hồ Chí Minh, Việt Nam",Không có điểm đánh giá,Không có số nhận xét,Không có,Không có,Không có,Không có,Không có,1,0,0,1,0,1,0,0,1,11.757.790,11.509.465
Hotel Trung Mai,"15 Truong Hoang Thanh Str., Tân Bình, Hồ Chí Minh, Việt Nam, 700000","7,7",36,6.0,6.0,5.0,5.0,5.0,0,0,0,0,0,0,1,1,1,1.100.000,324.074
"Căn hộ 120 m² 3 phòng ngủ, 2 phòng tắm riêng ở Quận 4 (DANNY's BEST VIEW 03 Br APT at CBD 5' to BUI VIEN)","Quận 1, Hồ Chí Minh, Việt Nam","9,4",19,9.7,9.7,9.6,9.6,8.9,1,0,0,1,0,1,0,0,0,5.561.829,2.426.519
"Nhà riêng 9000 m² 21 phòng ngủ, 21 phòng tắm riêng ở Huyện Củ Chi (A rooftop overlooking the town from 360 degrees.)","Huyện Củ Chi, Hồ Chí Minh, Việt Nam","4,4",1,6.0,8.0,2.0,2.0,4.0,1,0,0,1,0,0,0,0,1,Không có giá trước,315.346
The Cozy Nest,"19A Nguyễn Bá Huân, Quận 2, Hồ Chí Minh, Việt Nam",10,2,10.0,10.0,10.0,10.0,10.0,0,0,0,0,0,0,0,1,1,676.056,548.611
"Căn hộ 36 m² 1 phòng ngủ, 1 phòng tắm riêng ở Phú Nhuận (Sky Center Near The Airport)","5B Đ. Phổ Quang, Phường 2, Tân Bình, Hồ Chí Minh, Việt Nam, 70000","8,6",158,9.1,8.9,8.9,8.9,9.1,1,0,1,0,0,1,0,1,1,Không có giá trước,601.852
QUEENKYHOA HOTEL,"839/2 Đ. Lê Hồng Phong, Quận 10, Hồ Chí Minh, Việt Nam, 700000","7,9",64,8.1,7.6,7.6,7.3,8.0,1,0,0,0,0,1,1,1,1,Không có giá trước,Không có giá sau
"Biệt thự 8600 m² 3 phòng ngủ, 3 phòng tắm riêng ở Phước Kiển (Nhà An - Biệt thự sân vườn view sông Cần Giờ)","Phước Kiển, Hồ Chí Minh, Việt Nam",Không có điểm đánh giá,Không có số nhận xét,Không có,Không có,Không có,Không có,Không có,1,0,0,1,0,0,0,0,0,Không có giá trước,2.854.646
"Căn hộ 142 m² 3 phòng ngủ, 2 phòng tắm riêng ở Bình Thạnh (LP.44.16 ( Landmark Plus ) - 3 Phòng ngủ - 3PN )","Bình Thạnh, Hồ Chí Minh, Việt Nam",Không có điểm đánh giá,Không có số nhận xét,Không có,Không có,Không có,Không có,Không có,1,0,0,1,0,1,0,0,1,3.311.678,3.064.526
Homey Haven Pool Signature - Free 4G sim for 3 Nights Booking,"151 - 155 River Gate Đường Bến Vân Đồn, phường 6, quận 4, Quận 4, Hồ Chí Minh, Việt Nam, 700000","6,1",1,7.5,7.5,5.0,5.0,7.5,1,0,0,1,1,0,0,1,0,Không có giá trước,3.000.000
"Căn hộ 65 m² 1 phòng ngủ, 1 phòng tắm riêng ở Bình Thạnh (LP.18.17 ( Landmark Plus ) - 1PN)","Bình Thạnh, Hồ Chí Minh, Việt Nam",10,1,10.0,10.0,10.0,10.0,10.0,1,0,0,1,0,1,0,0,1,3.401.731,3.138.753
"Nhà riêng 120 m² 3 phòng ngủ, 2 phòng tắm riêng ở Quận 4 (Saigon Royal 3 bedrooms de Rose)","No. 35, Bến Vân Đồn, Phuong 12, Saigon Royal, Vietnam, Saigon Royal , , Quận 4, Hồ Chí Minh, Việt Nam","7,3",22,8.7,7.6,7.5,8.1,7.6,1,0,0,1,0,0,0,1,1,Không có giá trước,1.181.481
Ryu Apartments at Soho's Residence,"100 Cô Giang, Phường Cô Giang, 16,17,34, Quận 1, Hồ Chí Minh, Việt Nam, 71013","8,9",26,8.4,8.4,8.4,8.4,8.4,1,0,0,1,1,0,1,1,1,2.685.618,2.361.111
Hoàng Hải Hotel,"57 Đ. Số 41, Phường 6, Quận 4, Hồ Chí Minh, Việt Nam, 84000",Không có điểm đánh giá,Không có số nhận xét,Không có,Không có,Không có,Không có,Không có,0,0,0,0,0,0,1,1,0,419.000,341.622
"Luxury Apartment for rent- Pool 35th Floor Near Phu My Hung, Secc","Quận 7, Hồ Chí Minh, Việt Nam",Không có điểm đánh giá,Không có số nhận xét,Không có,Không có,Không có,Không có,Không có,1,0,0,1,0,0,0,0,1,Không có giá trước,833.333
HANZ Camelia Hotel,"108 Đường Lê Lai, Quận 1, Hồ Chí Minh, Việt Nam, 700000","8,6",981,5.0,6.0,5.0,6.0,4.0,1,0,0,0,1,0,1,1,1,Không có giá trước,722.222
"Căn hộ 68 m² 1 phòng ngủ, 1 phòng tắm riêng ở Bình Thạnh (L2.17.06 - 1PN 1 phòng ngủ)","Bình Thạnh, Hồ Chí Minh, Việt Nam",Không có điểm đánh giá,Không có số nhận xét,Không có,Không có,Không có,Không có,Không có,1,0,0,1,0,1,0,0,1,2.233.981,2.068.134
"Căn hộ 38 m² 1 phòng ngủ, 1 phòng tắm riêng ở Bình Thạnh (2Q Apartment Ruby Manor 2)","Bình Thạnh, Hồ Chí Minh, Việt Nam","9,1",37,7.3,6.7,6.7,5.3,6.7,1,0,0,1,0,1,0,0,1,1.558.528,846.639
The Cozy Nest Thao Dien,"19A Nguyễn Bá Huân, Thảo Điền, Bình Thạnh, Hồ Chí Minh, Việt Nam",10,2,10.0,10.0,10.0,10.0,10.0,0,0,0,0,0,0,1,1,1,1.243.943,486.101
Nhà riêng studio 48 m² có 1 phòng tắm riêng ở Phú Nhuận (Family Studio-4pax-Phu Nhuan-Airport 7min-roof bar),"Phú Nhuận, Hồ Chí Minh, Việt Nam",Không có điểm đánh giá,Không có số nhận xét,Không có,Không có,Không có,Không có,Không có,1,0,0,1,0,0,0,0,0,1.366.667,1.181.106
"Nhà riêng 115 m² 3 phòng ngủ, 2 phòng tắm riêng ở Quận 4 (DANNY INDOCHINA SPECIAL 3BR APT CBD. FREE POOL)","Quận 4, Hồ Chí Minh, Việt Nam","8,0",14,9.5,8.9,8.5,8.9,9.3,1,0,0,1,0,1,0,0,0,3.181.487,2.924.821
"Căn hộ 74 m² 1 phòng ngủ, 1 phòng tắm riêng ở Quận 9 (Khách Sạn Masteri Home cao cấp)","Quận 9, Hồ Chí Minh, Việt Nam",Không có điểm đánh giá,Không có số nhận xét,Không có,Không có,Không có,Không có,Không có,1,0,0,0,0,1,0,0,0,2.467.243,1.736.990
HANZ Camelia Hotel,"108 Đường Lê Lai, Quận 1, Hồ Chí Minh, Việt Nam, 700000","8,6",981,5.0,6.0,5.0,6.0,4.0,1,0,0,0,1,0,1,1,1,Không có giá trước,722.222
"Căn hộ 68 m² 1 phòng ngủ, 1 phòng tắm riêng ở Bình Thạnh (L2.17.06 - 1PN 1 phòng ngủ)","Bình Thạnh, Hồ Chí Minh, Việt Nam",Không có điểm đánh giá,Không có số nhận xét,Không có,Không có,Không có,Không có,Không có,1,0,0,1,0,1,0,0,1,2.233.981,2.068.134
"Căn hộ 38 m² 1 phòng ngủ, 1 phòng tắm riêng ở Bình Thạnh (2Q Apartment Ruby Manor 2)","Bình Thạnh, Hồ Chí Minh, Việt Nam","9,1",37,7.3,6.7,6.7,5.3,6.7,1,0,0,1,0,1,0,0,1,1.558.528,846.639
MG Pink Church,"254 Hai Bà Trưng, Phường Tân Định, Quận 1, Hồ Chí Minh, Việt Nam","8,5",17,10.0,10.0,10.0,10.0,10.0,0,0,0,0,0,0,0,1,0,Không có giá trước,Không có giá sau
The Cozy Nest Thao Dien,"19A Nguyễn Bá Huân, Thảo Điền, Bình Thạnh, Hồ Chí Minh, Việt Nam",10,2,10.0,10.0,10.0,10.0,10.0,0,0,0,0,0,0,1,1,1,1.243.943,486.101
Nhà riêng studio 48 m² có 1 phòng tắm riêng ở Phú Nhuận (Family Studio-4pax-Phu Nhuan-Airport 7min-roof bar),"Phú Nhuận, Hồ Chí Minh, Việt Nam",Không có điểm đánh giá,Không có số nhận xét,Không có,Không có,Không có,Không có,Không có,1,0,0,1,0,0,0,0,0,1.366.667,1.181.106
"Nhà riêng 115 m² 3 phòng ngủ, 2 phòng tắm riêng ở Quận 4 (DANNY INDOCHINA SPECIAL 3BR APT CBD. FREE POOL)","Quận 4, Hồ Chí Minh, Việt Nam","8,0",14,9.5,8.9,8.5,8.9,9.3,1,0,0,1,0,1,0,0,0,3.181.487,2.924.821
"Căn hộ 74 m² 1 phòng ngủ, 1 phòng tắm riêng ở Quận 9 (Khách Sạn Masteri Home cao cấp)","Quận 9, Hồ Chí Minh, Việt Nam",Không có điểm đánh giá,Không có số nhận xét,Không có,Không có,Không có,Không có,Không có,1,0,0,0,0,1,0,0,0,2.467.243,1.736.990
"River Panorama Infinity Heights, Netflix","Quận 7, Hồ Chí Minh, Việt Nam",Không có điểm đánh giá,Không có số nhận xét,Không có,Không có,Không có,Không có,Không có,1,0,0,1,0,0,0,0,1,Không có giá trước,833.333
"Căn hộ studio 28 m² có 1 phòng tắm riêng ở Quận 4 (Mike House - Studio near D1, free Netflix)","Quận 4, Hồ Chí Minh, Việt Nam",Không có điểm đánh giá,Không có số nhận xét,Không có,Không có,Không có,Không có,Không có,1,0,0,1,0,0,0,0,1,Không có giá trước,1.733.386
Căn hộ 2 Phòng Ngủ Emerald Celadon Tân Phú (Can ho 2 Phong Ngu Emerald Celadon Tan Phu),"Tân Phú, Hồ Chí Minh, Việt Nam",Không có điểm đánh giá,Không có số nhận xét,Không có,Không có,Không có,Không có,Không có,1,0,0,1,0,0,0,0,1,Không có giá trước,1.099.537
BO SONG HOTEL,"245 Đường số 20, Gò Vấp, Hồ Chí Minh, Việt Nam, 70000","8,2",277,8.0,8.8,8.6,8.2,8.5,0,0,0,0,0,0,1,1,1,479.000,284.958
"Căn hộ 30 m² 1 phòng ngủ, 1 phòng tắm riêng ở Quận 4 (Luxury Studio in Rivergate with Netflix, View - D1)","Quận 4, Hồ Chí Minh, Việt Nam",10,1,10.0,10.0,10.0,10.0,10.0,1,0,0,1,0,0,0,0,1,1.524.146,939.207
Vera Apartments - Saigon Royal Residence,"34-35 Ben Van Don, 12 ward, 4 district, Quận 4, Hồ Chí Minh, Việt Nam, 70000","7,2",10,7.8,7.3,7.5,7.5,8.0,1,0,0,0,0,1,0,1,1,Không có giá trước,Không có giá sau
MONday Premium Aparts,"83 L Ch nh Thắng, Quận 3, Hồ Chí Minh, Việt Nam, 70000","8,4",121,8.3,4.6,4.0,4.3,4.3,1,0,0,1,0,1,0,1,0,Không có giá trước,833.333
"Nhà riêng 87 m² 2 phòng ngủ, 2 phòng tắm riêng ở Quận 9 (Căn hộ cao cấp có view hồ bơi và công viên)","Quận 9, Hồ Chí Minh, Việt Nam",Không có điểm đánh giá,Không có số nhận xét,Không có,Không có,Không có,Không có,Không có,1,0,0,1,0,1,0,0,0,Không có giá trước,2.022.860
Biệt thự studio 40 m² có 1 phòng tắm riêng ở Quận 2 (quiet space),"Quận 2, Hồ Chí Minh, Việt Nam",Không có điểm đánh giá,Không có số nhận xét,Không có,Không có,Không có,Không có,Không có,1,0,0,0,0,0,0,1,0,5.555.556,4.770.478
Khách sạn Thiên Cung (Thien Cung Hotel),"69-69A A4, 12 ward, Tan Binh District, Ho Chi Minh City, Tân Bình, Hồ Chí Minh, Việt Nam, 70000","7,8",269,8.0,7.8,8.1,7.6,7.8,1,1,0,0,1,0,1,1,1,Không có giá trước,454.829
Melody Apartment - The Manor 2 Building,"91 Nguyễn Hữu Cảnh, Bình Thạnh, Hồ Chí Minh, Việt Nam","8,5",14,8.9,8.6,8.4,8.9,8.0,0,0,1,0,0,0,0,1,1,Không có giá trước,1.111.111
"Nhà riêng 100 m² 1 phòng ngủ, 1 phòng tắm riêng ở Quận 4 (20% OFF Budget Hideout @Pham Ngu Lao 127DT)","Quận 1, Hồ Chí Minh, Việt Nam",Không có điểm đánh giá,Không có số nhận xét,Không có,Không có,Không có,Không có,Không có,1,0,0,1,0,0,0,0,0,793.651,765.103
"Nhà riêng 40 m² 2 phòng ngủ, 1 phòng tắm riêng ở Quận 7 (Mây 8 - Two Bedrooms Apartment)","Quận 7, Hồ Chí Minh, Việt Nam",Không có điểm đánh giá,Không có số nhận xét,Không có,Không có,Không có,Không có,Không có,1,0,0,0,0,0,0,0,0,1.467.890,1.268.586
"Biệt thự 500 m² 4 phòng ngủ, 4 phòng tắm riêng ở Bình Thạnh (Villa 12 12)","Quận 2, Hồ Chí Minh, Việt Nam",Không có điểm đánh giá,Không có số nhận xét,Không có,Không có,Không có,Không có,Không có,1,0,0,1,0,0,0,0,0,17.000.000,14.698.254
Masteri An Phu - High Class Retreat Apt Distrist 2,"191 Đ. V Nguy n Gi p, Quận 2, Hồ Chí Minh, Việt Nam, 700000",Không có điểm đánh giá,Không có số nhận xét,Không có,Không có,Không có,Không có,Không có,1,0,1,0,1,1,1,1,1,3.598.303,1.854.169
Pin Poshtel,"50B B i Thị Xu n, Quận 1, Hồ Chí Minh, Việt Nam, 10000","8,7",142,9.0,8.9,9.1,8.4,9.0,1,1,0,0,1,0,1,1,0,Không có giá trước,Không có giá sau
Kathy Hotel,"127/32 Hoàng Hoa Thám, Tân Bình, Hồ Chí Minh, Việt Nam","2,4",1,2.0,4.0,2.0,2.0,2.0,0,0,0,0,0,0,1,1,1,1.406.964,380.868
"Nhà riêng 100 m² 2 phòng ngủ, 2 phòng tắm riêng ở Bình Thạnh (Landmark 2 bedrooms nice decor)","Bình Thạnh, Hồ Chí Minh, Việt Nam",Không có điểm đánh giá,Không có số nhận xét,Không có,Không có,Không có,Không có,Không có,1,0,0,1,0,1,0,1,0,2.398.120,1.506.569
"Nhà riêng 35 m² 1 phòng ngủ, 1 phòng tắm riêng ở Thủ Đức (Green House)","Thủ Đức, Hồ Chí Minh, Việt Nam",Không có điểm đánh giá,Không có số nhận xét,Không có,Không có,Không có,Không có,Không có,1,0,0,1,0,0,0,0,0,Không có giá trước,822.502
"Căn hộ 30 m² 1 phòng ngủ, 1 phòng tắm riêng ở Quận 1 (I20% OFF INSTWORTHY ° 50M to Ben Thanh Market TĐ)","Quận 1, Hồ Chí Minh, Việt Nam",Không có điểm đánh giá,Không có số nhận xét,Không có,Không có,Không có,Không có,Không có,1,0,0,1,0,0,0,0,0,Không có giá trước,495.212
Collection O District Tan Binh Near Airport Formerly Joy Inn,"419, Cong Hoa, Tan Binh District, Ho-Chi-Minh, Tân Bình, Hồ Chí Minh, Việt Nam, 5500000","7,5",59,5.0,5.0,Không có,5.0,5.0,0,0,0,0,0,0,1,1,1,717.298,391.701
Otis Apartment & Hotel - Phu Nhuan District,"33 Trần Kế Xương 50, Bình Thạnh, Hồ Chí Minh, Việt Nam, 700000","8,8",27,9.4,9.1,8.8,8.7,8.9,1,0,0,0,0,0,0,1,1,Không có giá trước,566.667
"Nhà riêng 22 m² 2 phòng ngủ, 1 phòng tắm riêng ở Quận 7 (Mây 7 - Two Bedrooms Apartment)","Quận 7, Hồ Chí Minh, Việt Nam",10,1,10.0,10.0,10.0,10.0,10.0,1,0,0,0,0,0,0,0,0,1.467.890,1.268.586
Saigon Pavillon Suites,"51 B Huyện Thanh Quan, Quận 3, Hồ Chí Minh, Việt Nam, 70000","6,0",13,7.3,6.0,6.0,5.3,5.3,1,0,0,0,1,1,1,1,1,3.898.640,2.007.902
Motel Victoria,"410 Đường Nguyễn Xí, Bình Thạnh, Hồ Chí Minh, Việt Nam","7,5",3,9.2,7.5,6.7,7.5,7.5,0,0,0,0,0,0,1,1,1,Không có giá trước,590.278
6EVEN Nguyen Hue,"42 Nguyen Hue Str., Ben Nghe Ward, Dist.1, Ho Chi Minh City, Viet Nam, Quận 1, Hồ Chí Minh, Việt Nam, 700000","9,4",67,10.0,9.8,9.9,9.7,9.7,0,0,0,0,1,0,1,1,1,Không có giá trước,Không có giá sau
"Luxury Apartment in Tan Binh district,near Airport","Tân Bình, Hồ Chí Minh, Việt Nam","8,9",1,7.5,10.0,7.5,10.0,7.5,1,0,0,1,0,1,0,1,1,Không có giá trước,1.018.519
"River Panorama 2Bedroom, District 7, RiverView Netflix","Quận 7, Hồ Chí Minh, Việt Nam",Không có điểm đánh giá,Không có số nhận xét,Không có,Không có,Không có,Không có,Không có,1,0,0,1,0,0,0,0,1,880.928,833.333
Căn hộ studio 48 m² có 1 phòng tắm riêng ở Phú Nhuận (Nice Studio-Airport-High class serviced-10 stars),"Phú Nhuận, Hồ Chí Minh, Việt Nam","9,0",2,9.0,10.0,9.0,Không có,9.0,1,0,0,1,0,1,0,0,0,Không có giá trước,1.353.779
Nhà của An (An's Homestay),"198 Tôn Đản, Quận 4, Hồ Chí Minh, Việt Nam","9,2",112,8.3,8.8,8.5,8.4,8.9,1,0,0,0,0,0,0,1,1,Không có giá trước,444.444
"Căn hộ 120 m² 1 phòng ngủ, 1 phòng tắm riêng ở Quận 1 (Alley Stay 39)","39/17 Đ. Nguyễn Trãi, Quận 1, Hồ Chí Minh, Việt Nam, 70000","8,0",37,9.1,7.0,7.5,6.7,8.5,1,0,0,1,0,0,1,1,1,1.138.413,744.444
"Căn hộ 25 m² 1 phòng ngủ, 1 phòng tắm riêng ở Phú Nhuận (Homestay quận Phú Nhuận, HCM - Manor Staycation)","Phú Nhuận, Hồ Chí Minh, Việt Nam",Không có điểm đánh giá,Không có số nhận xét,Không có,Không có,Không có,Không có,Không có,1,0,0,1,0,0,0,0,0,1.050.000,587.621
Thiên Phước Hotel,"2/2/6a Thiên Phước, Phường 9, Tân Bình, Thành phố Hồ Chí Minh, Tân Bình, Hồ Chí Minh, Việt Nam","7,2",50,6.5,8.7,6.0,8.0,8.0,0,0,0,0,0,0,1,1,1,Không có giá trước,278.056
"Căn hộ 100 m² 2 phòng ngủ, 1 phòng tắm riêng ở Quận 7 (AlaHome 2 Bedroom M8)","Quận 7, Hồ Chí Minh, Việt Nam",Không có điểm đánh giá,Không có số nhận xét,Không có,Không có,Không có,Không có,Không có,1,0,0,1,0,1,0,1,1,4.327.425,3.526.681
"Căn hộ 25 m² 1 phòng ngủ, 1 phòng tắm riêng ở Phú Nhuận (Homestay quận Phú Nhuận, HCM - Manor Staycation)","Phú Nhuận, Hồ Chí Minh, Việt Nam",10,1,10.0,10.0,10.0,10.0,10.0,1,0,0,1,0,0,0,0,0,900.000,503.005
"Căn hộ 54 m² 1 phòng ngủ, 1 phòng tắm riêng ở Quận 6 (Mai's Home)","Quận 6, Hồ Chí Minh, Việt Nam",Không có điểm đánh giá,Không có số nhận xét,Không có,Không có,Không có,Không có,Không có,1,0,0,1,0,1,0,0,1,1.533.333,1.315.516
"Căn hộ 25 m² 1 phòng ngủ, 1 phòng tắm riêng ở Phú Nhuận (Homestay quận Phú Nhuận, HCM - Manor Staycation)","Phú Nhuận, Hồ Chí Minh, Việt Nam",Không có điểm đánh giá,Không có số nhận xét,Không có,Không có,Không có,Không có,Không có,1,0,0,1,0,0,0,1,0,990.000,552.949
"Chung cư 70 m² 2 phòng ngủ, 1 phòng tắm riêng ở Quận 11 (Cat Moc House)","Quận 11, Hồ Chí Minh, Việt Nam",Không có điểm đánh giá,Không có số nhận xét,Không có,Không có,Không có,Không có,Không có,1,0,0,1,0,0,0,0,0,Không có giá trước,1.685.682
"Căn hộ 25 m² 1 phòng ngủ, 1 phòng tắm riêng ở Phú Nhuận (Homestay quận Phú Nhuận, HCM - Manor Staycation)","Phú Nhuận, Hồ Chí Minh, Việt Nam",Không có điểm đánh giá,Không có số nhận xét,Không có,Không có,Không có,Không có,Không có,1,0,0,1,0,0,0,0,0,990.000,552.949
AlaHome 3Br Midtown,"Quận 7, Hồ Chí Minh, Việt Nam",Không có điểm đánh giá,Không có số nhận xét,Không có,Không có,Không có,Không có,Không có,1,0,0,1,0,0,0,0,0,Không có giá trước,3.466.667
Vân Homestay (Van Homestay),"Quận 9, Hồ Chí Minh, Việt Nam","9,9",1,10.0,10.0,10.0,10.0,10.0,0,0,0,1,0,1,0,1,1,Không có giá trước,514.706
"Căn hộ 25 m² 1 phòng ngủ, 1 phòng tắm riêng ở Phú Nhuận (Homestay quận Phú Nhuận, HCM - Manor Staycation)","Phú Nhuận, Hồ Chí Minh, Việt Nam",10,1,10.0,10.0,10.0,10.0,10.0,1,0,0,1,0,0,0,0,0,900.000,503.005
"Căn hộ 54 m² 1 phòng ngủ, 1 phòng tắm riêng ở Quận 6 (Mai's Home)","Quận 6, Hồ Chí Minh, Việt Nam",Không có điểm đánh giá,Không có số nhận xét,Không có,Không có,Không có,Không có,Không có,1,0,0,1,0,1,0,0,1,1.533.333,1.315.516
"Căn hộ 25 m² 1 phòng ngủ, 1 phòng tắm riêng ở Phú Nhuận (Homestay quận Phú Nhuận, HCM - Manor Staycation)","Phú Nhuận, Hồ Chí Minh, Việt Nam",Không có điểm đánh giá,Không có số nhận xét,Không có,Không có,Không có,Không có,Không có,1,0,0,1,0,0,0,1,0,990.000,552.949
Terra Royal Apartment - 1 2 3 BR at District 3,"No. 280, Nam Ky Khoi Nghia, Ward 8, Terra Royal, Terra Royal, Quận 3, Hồ Chí Minh, Việt Nam, 700000","8,4",9,7.8,8.5,8.4,8.3,8.5,1,0,0,0,0,0,1,1,0,Không có giá trước,Không có giá sau
"Chung cư 70 m² 2 phòng ngủ, 1 phòng tắm riêng ở Quận 11 (Cat Moc House)","Quận 11, Hồ Chí Minh, Việt Nam",Không có điểm đánh giá,Không có số nhận xét,Không có,Không có,Không có,Không có,Không có,1,0,0,1,0,0,0,0,0,Không có giá trước,Không có giá sau
"Căn hộ 25 m² 1 phòng ngủ, 1 phòng tắm riêng ở Phú Nhuận (Homestay quận Phú Nhuận, HCM - Manor Staycation)","Phú Nhuận, Hồ Chí Minh, Việt Nam",Không có điểm đánh giá,Không có số nhận xét,Không có,Không có,Không có,Không có,Không có,1,0,0,1,0,0,0,0,0,990.000,552.949
AlaHome 3Br Midtown,"Quận 7, Hồ Chí Minh, Việt Nam",Không có điểm đánh giá,Không có số nhận xét,Không có,Không có,Không có,Không có,Không có,1,0,0,1,0,0,0,0,0,Không có giá trước,3.466.667
Vân Homestay (Van Homestay),"Quận 9, Hồ Chí Minh, Việt Nam","9,9",1,10.0,10.0,10.0,10.0,10.0,0,0,0,1,0,1,0,1,1,Không có giá trước,514.706
Apartment Hotel Republic Plaza,"18e Đường Cộng Hòa, Tân Bình, Hồ Chí Minh, Việt Nam",Không có điểm đánh giá,Không có số nhận xét,Không có,Không có,Không có,Không có,Không có,0,0,0,0,0,0,0,1,1,4.800.000,1.200.000
"Căn hộ 60 m² 1 phòng ngủ, 2 phòng tắm riêng ở Quận 9 (Căn hộ 2PN,2WC)","Quận 9, Hồ Chí Minh, Việt Nam",Không có điểm đánh giá,Không có số nhận xét,Không có,Không có,Không có,Không có,Không có,1,0,0,0,0,1,0,0,0,1.357.089,826.874
Anna Premier Apartment Ho Chi Minh 2,"163 Vạn Kiếp, Phường 1, Bình Thạnh, Hồ Chí Minh, Việt Nam, 700000","9,6",6,9.5,9.0,9.5,10.0,9.5,1,0,1,1,0,0,1,1,1,Không có giá trước,437.564
SOHO RESIDENCE cách Bùi Viện 5 phút - đón miễn phí (SOHO RESIDENCE 5mins Bui Vien free pick up),"100 Cô Giang Soho residence, Quận 1, Hồ Chí Minh, Việt Nam, 700000","8,6",86,9.1,8.9,9.0,8.9,9.0,1,0,0,0,1,0,1,1,1,3.576.402,1.668.645
Charner Hotel,"29 Thu Khoa Huan St., Ben Thanh Ward, District 1, Quận 1, Hồ Chí Minh, Việt Nam, 70000","7,7",1050,8.9,7.8,7.7,6.7,7.3,1,1,0,0,1,1,1,1,1,Không có giá trước,468.254
The Meeting Place,"79 Phạm Viết Chánh, Bình Thạnh, Hồ Chí Minh, Việt Nam","9,1",14,8.8,9.0,8.5,7.9,8.4,0,0,0,0,0,0,0,1,1,Không có giá trước,Không có giá sau
"Căn hộ 100 m² 1 phòng ngủ, 1 phòng tắm riêng ở Quận 1 (The Arrivals Home Studio)","Quận 3, Hồ Chí Minh, Việt Nam","3,9",2,6.0,2.0,2.0,2.0,2.0,1,0,0,1,0,0,0,0,0,866.433,799.072
"Căn hộ 60 m² 1 phòng ngủ, 1 phòng tắm riêng ở Bình Thạnh (Căn hộ cao cấp Vinhomes Central Park )","Bình Thạnh, Hồ Chí Minh, Việt Nam",Không có điểm đánh giá,Không có số nhận xét,Không có,Không có,Không có,Không có,Không có,1,0,0,1,0,0,0,0,1,8.818.342,8.632.099
LA Nest căn hộ 2bedroom view thanh phố BS1025 (LA Nest can ho 2bedroom view thanh pho BS1025),"Quận 9, Hồ Chí Minh, Việt Nam","9,9",1,10.0,10.0,10.0,10.0,10.0,1,0,0,1,0,1,0,0,1,Không có giá trước,650.901
DDA Hotel - Bùi Viện Walking street,"No. 185, De Tham Street, Ward Pham Ngu Lao 8, Vietnam, Quận 1, Hồ Chí Minh, Việt Nam, 700000","7,4",356,7.7,4.6,4.8,4.3,4.5,0,0,0,0,0,0,0,1,0,526.566,335.106
"Căn hộ 35 m² 1 phòng ngủ, 1 phòng tắm riêng ở Quận 1 (S5 - Modern style Studio room near Ben Thanh )","Quận 1, Hồ Chí Minh, Việt Nam",Không có điểm đánh giá,Không có số nhận xét,Không có,Không có,Không có,Không có,Không có,1,0,0,1,0,0,0,0,0,Không có giá trước,763.929
"Căn hộ 100 m² 1 phòng ngủ, 2 phòng tắm riêng ở Quận 4 (Cozy 2-Bedroom with balcony @Free Pool*Gym*Netflix)","Quận 4, Hồ Chí Minh, Việt Nam",Không có điểm đánh giá,Không có số nhận xét,Không có,Không có,Không có,Không có,Không có,1,0,0,1,0,1,0,0,0,3.146.103,1.521.622
"Nhà riêng 100 m² 1 phòng ngủ, 1 phòng tắm riêng ở Quận 1 (Studio Room with Fully Furnished)","Bình Thạnh, Hồ Chí Minh, Việt Nam","6,0",1,6.0,8.0,6.0,6.0,4.0,1,0,0,1,0,1,0,0,0,457.338,444.423
Khách sạn Thanh Bình 3 (Khach san Thanh Binh 3),"30 Đường Đỗ Nhuận, Tân Phú, Hồ Chí Minh, Việt Nam","7,0",27,7.9,8.4,7.9,7.4,7.9,0,0,0,0,0,0,0,1,1,Không có giá trước,373.148
Penthouse 86 - Pool Private - In the HEART HCM,"Quận 5, Hồ Chí Minh, Việt Nam","6,5",21,7.5,8.0,7.0,7.0,7.5,1,0,0,1,0,0,0,1,1,6.582.728,4.137.037
Khách Sạn Đông Đô Ma Lo (Dong Do Hotel Ma Lo),"95A, Ma Lo, P, Binhh Tri Dong A,Q, Binh Tan, TP, HCM, Bình Tân, Hồ Chí Minh, Việt Nam, 762800","5,1",9,5.3,4.7,6.3,4.7,5.0,1,0,0,1,1,0,1,1,1,Không có giá trước,Không có giá sau
HANZ 4021 Boutique Hotel Bui Vien,"Hem 40/21 Bui Vien Street, District 1, Ho Chi Minh, Vietnam, Quận 1, Hồ Chí Minh, Việt Nam, 700000","8,5",670,9.3,9.0,8.9,8.8,8.8,0,0,0,0,1,0,0,1,1,1.604.444,351.706
Thuỳ Dương Aparment (Thuy Duong Aparment),"132/81 Đường Nguyễn Hữu Cảnh, Bình Thạnh, Hồ Chí Minh, Việt Nam, 7000000","8,4",7,9.2,9.2,8.3,8.7,9.2,1,0,0,1,0,0,0,1,1,Không có giá trước,482.727
"Resort Ori Vinhomes Grand Park tp Thủ Đức , 3giường 2WC (Resort Ori Vinhomes Grand Park tp Thu Đuc , 3giuong 2WC)","Quận 9, Hồ Chí Minh, Việt Nam",Không có điểm đánh giá,Không có số nhận xét,Không có,Không có,Không có,Không có,Không có,1,0,0,1,0,1,0,0,1,Không có giá trước,2.224.257
"Căn hộ 80 m² 3 phòng ngủ, 2 phòng tắm riêng ở Quận 7 (Home Stay, Apartment for rent)","Quận 7, Hồ Chí Minh, Việt Nam",Không có điểm đánh giá,Không có số nhận xét,Không có,Không có,Không có,Không có,Không có,1,0,0,1,0,0,0,0,1,1.274.674,786.016
"Căn hộ 3 m² 1 phòng ngủ, 1 phòng tắm riêng ở Bình Thạnh (Kỳ nghỉ cực chill tại căn hộ bật nhất Sài Gòn)","Bình Thạnh, Hồ Chí Minh, Việt Nam",Không có điểm đánh giá,Không có số nhận xét,Không có,Không có,Không có,Không có,Không có,1,0,0,1,0,1,0,0,1,3.439.154,3.371.093
"Căn hộ 210 m² 4 phòng ngủ, 3 phòng tắm riêng ở Bình Thạnh (L6.40.07 - 4PN)","Bình Thạnh, Hồ Chí Minh, Việt Nam",Không có điểm đánh giá,Không có số nhận xét,Không có,Không có,Không có,Không có,Không có,1,0,0,1,0,1,0,0,1,7.404.655,6.848.282
"Nhà riêng 100 m² 1 phòng ngủ, 1 phòng tắm riêng ở Quận 4 (20% OFF BathtubＩＮＳＴΛ－ＷｏＲＴＨＹ °¤|° 374 NCT)","374 Đ. Nguyễn Công Trứ, Phường Cầu Ông Lãnh, 2, Quận 1, Hồ Chí Minh, Việt Nam, 70000","7,8",13,8.7,8.3,8.7,8.3,8.3,1,0,0,1,0,0,0,1,0,Không có giá trước,577.778
Khách sạn & Spa Sense City (Sense City Hotel & Spa),"15 Bui Thi Xuan, Ben Thanh, Quan 1, TPHCM, Quận 1, Hồ Chí Minh, Việt Nam, 700000","7,4",2481,7.8,7.4,7.8,6.8,7.5,0,1,0,0,1,0,1,1,1,1.398.531,757.235
Khách sạn và Cà phê Meow (Meow Hotel and Cafe),"373/3 Phạm Ngũ Lão , phường Phạm Ngũ Lão Quận 1, Quận 1, Hồ Chí Minh, Việt Nam, 70000","8,4",168,8.9,8.7,8.7,7.8,8.8,1,1,0,0,1,0,1,1,1,416.558,370.370
Căn hộ Dịch vụ M-H (M-H Serviced Apartment),"41 Nguyen Ngoc Phuong Street, Ward 19, Binh Thanh District, Bình Thạnh, Hồ Chí Minh, Việt Nam, 700000","8,2",60,7.6,6.6,7.2,6.8,7.2,1,0,0,1,1,0,1,1,1,Không có giá trước,Không có giá sau
HANAN home near Saigon downtown*Free infinity Pool,"151 Ben Van Dong phuong 6 quan 4, Rivergate Residences, Quận 4, Hồ Chí Minh, Việt Nam, 790000","8,9",125,8.8,9.3,9.0,8.9,9.0,1,0,0,1,0,1,0,1,1,Không có giá trước,Không có giá sau
Master Millennium 3bedroom Apartment District 4,"Quận 4, Hồ Chí Minh, Việt Nam",Không có điểm đánh giá,Không có số nhận xét,Không có,Không có,Không có,Không có,Không có,1,0,0,1,0,1,0,0,0,Không có giá trước,2.129.630
"Căn hộ 75 m² 2 phòng ngủ, 2 phòng tắm riêng ở Quận 2 (HHomes - 2 Bedroom with Pool GYM Masteri Thao Dien)","159 Xa lộ Hà Nội, Masteri Thao Dien T5, Quận 2, Hồ Chí Minh, Việt Nam, 71107","7,9",27,8.7,8.7,8.7,8.4,7.9,1,0,0,1,0,1,1,1,1,1.196.348,1.154.527
Vi An Hotel,"20 Đ. Số 11, Quận 7, Hồ Chí Minh, Việt Nam, 700000","8,3",65,8.3,8.1,8.6,8.3,8.8,0,0,0,0,0,1,1,1,1,1.500.000,750.000
"Căn hộ 52 m² 1 phòng ngủ, 1 phòng tắm riêng ở Tân Bình (REPUBLIC PLAZA)","Tân Bình, Hồ Chí Minh, Việt Nam",Không có điểm đánh giá,Không có số nhận xét,Không có,Không có,Không có,Không có,Không có,1,0,0,1,0,1,0,0,0,1.551.220,1.483.430
"Căn hộ 150 m² 3 phòng ngủ, 3 phòng tắm riêng ở Tân Phú (Tận hưởng Căn Duplex 2 tầng đẹp nhất Celadon City)","Tân Phú, Hồ Chí Minh, Việt Nam",Không có điểm đánh giá,Không có số nhận xét,Không có,Không có,Không có,Không có,Không có,1,0,0,1,0,1,0,0,1,Không có giá trước,4.365.133
"Căn hộ 30 m² 1 phòng ngủ, 1 phòng tắm riêng ở Quận 4 (DANNY’s FREE POOL APT near BUI VIEN Ben Thanh)","Quận 1, Hồ Chí Minh, Việt Nam","8,3",3,10.0,10.0,10.0,10.0,10.0,1,0,0,0,0,1,0,0,1,1.435.839,1.225.079
"Căn hộ 60 m² 1 phòng ngủ, 1 phòng tắm riêng ở Quận 4 (Ruby home 1Brs Condotel Saigon Royal)","Quận 4, Hồ Chí Minh, Việt Nam",Không có điểm đánh giá,Không có số nhận xét,Không có,Không có,Không có,Không có,Không có,1,0,0,0,0,0,0,0,0,12.305.060,8.917.460
AlaHome 2Br M8 Midtown,"46 Đường số 16, Quận 7, Hồ Chí Minh, Việt Nam",Không có điểm đánh giá,Không có số nhận xét,Không có,Không có,Không có,Không có,Không có,0,0,0,0,0,0,0,1,1,Không có giá trước,2.990.741
43 hoa lan,"Phú Nhuận, Hồ Chí Minh, Việt Nam",Không có điểm đánh giá,Không có số nhận xét,Không có,Không có,Không có,Không có,Không có,1,0,0,1,0,0,0,0,0,Không có giá trước,416.667
Collection O Luxury Hotel and Suites Cao Thang Near Children Hospital 1,"252/43-45 Cao Thang, Phuong 12, Quan 10, Ho Chi Minhnullnull, Ho-Chi-Minh, Ho-Chi-Minh, Quận 10, Hồ Chí Minh, Việt Nam, 72559","7,0",14,10.0,9.6,9.6,8.8,8.8,0,0,0,0,0,0,1,1,1,1.142.235,272.918
"Chung cư 38 m² 1 phòng ngủ, 1 phòng tắm riêng ở Bình Thạnh (MHServiceApartment with big window and cozy studio)","Bình Thạnh, Hồ Chí Minh, Việt Nam",Không có điểm đánh giá,Không có số nhận xét,Không có,Không có,Không có,Không có,Không có,1,0,0,1,0,0,0,0,0,Không có giá trước,5.335.162
"Căn hộ 60 m² 1 phòng ngủ, 1 phòng tắm riêng ở Quận 1 (The Rixx Stylish Apartment -Ben Thanh/gym/pool/bar)","Quận 1, Hồ Chí Minh, Việt Nam","8,8",59,9.0,7.9,8.3,7.7,7.7,1,0,0,1,0,1,0,0,1,1.979.275,1.731.481
"Căn hộ 76 m² 2 phòng ngủ, 2 phòng tắm riêng ở Quận 4 (Sunrise City 2 bebroom 2 wc full furnished)","Quận 7, Hồ Chí Minh, Việt Nam",Không có điểm đánh giá,Không có số nhận xét,Không có,Không có,Không có,Không có,Không có,1,0,0,1,0,1,0,1,1,1.812.659,1.777.475
"Căn hộ dịch vụ Republic Plaza, đầy đủ tiện nghi, wifi tốc độ cao (Can ho dich vu Republic Plaza,tan binh, mien phi ho boi, phong gym, đay đu tien nghi, wifi toc đo ca)","18e Đường Cộng Hòa, Tân Bình, Hồ Chí Minh, Việt Nam","9,6",5,10.0,10.0,10.0,10.0,10.0,0,0,0,0,0,1,0,1,1,Không có giá trước,1.203.704
"Căn hộ 30 m² 1 phòng ngủ, 1 phòng tắm riêng ở Quận 4 (DANNY’s FREE POOL APT near BUI VIEN Ben Thanh)","Quận 1, Hồ Chí Minh, Việt Nam","8,3",3,10.0,10.0,10.0,10.0,10.0,1,0,0,0,0,1,0,0,1,1.435.839,1.225.079
"Căn hộ 60 m² 1 phòng ngủ, 1 phòng tắm riêng ở Quận 4 (Ruby home 1Brs Condotel Saigon Royal)","Quận 4, Hồ Chí Minh, Việt Nam",Không có điểm đánh giá,Không có số nhận xét,Không có,Không có,Không có,Không có,Không có,1,0,0,0,0,0,0,0,0,12.305.060,8.917.460
AlaHome 2Br M8 Midtown,"46 Đường số 16, Quận 7, Hồ Chí Minh, Việt Nam",Không có điểm đánh giá,Không có số nhận xét,Không có,Không có,Không có,Không có,Không có,0,0,0,0,0,0,0,1,1,Không có giá trước,2.990.741
Highlights Apartment Landmark,"208 Nguyễn Hữu Cảnh, Vinhomes Tân Cảng, Bình Thạnh, Hồ Chí Minh, Việt Nam, 70000","7,7",26,Không có,Không có,Không có,Không có,Không có,1,1,0,0,0,0,1,1,1,Không có giá trước,Không có giá sau
43 hoa lan,"Phú Nhuận, Hồ Chí Minh, Việt Nam",Không có điểm đánh giá,Không có số nhận xét,Không có,Không có,Không có,Không có,Không có,1,0,0,1,0,0,0,0,0,Không có giá trước,416.667
Collection O Luxury Hotel and Suites Cao Thang Near Children Hospital 1,"252/43-45 Cao Thang, Phuong 12, Quan 10, Ho Chi Minhnullnull, Ho-Chi-Minh, Ho-Chi-Minh, Quận 10, Hồ Chí Minh, Việt Nam, 72559","7,0",14,10.0,9.6,9.6,Không có,8.8,0,0,0,0,0,0,1,1,1,1.142.235,272.918
"Chung cư 38 m² 1 phòng ngủ, 1 phòng tắm riêng ở Bình Thạnh (MHServiceApartment with big window and cozy studio)","Bình Thạnh, Hồ Chí Minh, Việt Nam",Không có điểm đánh giá,Không có số nhận xét,Không có,Không có,Không có,Không có,Không có,1,0,0,1,0,0,0,0,0,Không có giá trước,5.335.162
"Căn hộ 60 m² 1 phòng ngủ, 1 phòng tắm riêng ở Quận 1 (The Rixx Stylish Apartment -Ben Thanh/gym/pool/bar)","Quận 1, Hồ Chí Minh, Việt Nam","8,8",59,9.0,7.9,8.3,7.7,7.7,1,0,0,1,0,1,0,0,1,1.979.275,1.731.481
"Căn hộ 76 m² 2 phòng ngủ, 2 phòng tắm riêng ở Quận 4 (Sunrise City 2 bebroom 2 wc full furnished)","Quận 7, Hồ Chí Minh, Việt Nam",Không có điểm đánh giá,Không có số nhận xét,Không có,Không có,Không có,Không có,Không có,1,0,0,1,0,1,0,1,1,1.812.659,1.777.475
"Căn hộ dịch vụ Republic Plaza, đầy đủ tiện nghi, wifi tốc độ cao (Can ho dich vu Republic Plaza,tan binh, mien phi ho boi, phong gym, đay đu tien nghi, wifi toc đo ca)","18e Đường Cộng Hòa, Tân Bình, Hồ Chí Minh, Việt Nam","9,6",5,10.0,10.0,10.0,10.0,10.0,0,0,0,0,0,1,0,1,1,Không có giá trước,1.203.704
Sea123,"Quận 4, Hồ Chí Minh, Việt Nam","9,2",8,8.8,9.6,8.4,8.8,9.6,0,0,0,1,0,0,0,0,0,Không có giá trước,412.037
"Nhà riêng 25 m² 1 phòng ngủ, 1 phòng tắm riêng ở Quận 3 (stayary Hotel Truong Quyen)","Quận 3, Hồ Chí Minh, Việt Nam",Không có điểm đánh giá,Không có số nhận xét,Không có,Không có,Không có,Không có,Không có,1,0,0,1,0,0,0,0,0,1.752.523,1.100.572
"Căn hộ 87 m² 2 phòng ngủ, 2 phòng tắm riêng ở Quận 1 (Metropole Lux Apartment A39- City Center)","Quận 2, Hồ Chí Minh, Việt Nam",Không có điểm đánh giá,Không có số nhận xét,Không có,Không có,Không có,Không có,Không có,1,0,0,1,0,1,0,0,1,Không có giá trước,3.025.340
Nhà dân Sky house (Sky house homstay),"147/A12 De Tham street, Co Giang Ward, Dist 1, Quận 1, Hồ Chí Minh, Việt Nam","8,4",128,8.0,7.9,7.4,7.0,7.0,0,0,0,0,0,0,0,1,0,Không có giá trước,Không có giá sau
Galaxy Hotel 3,"1327 Đ. Lê Đức Thọ, Phường 15, Gò Vấp, Hồ Chí Minh, Việt Nam",Không có điểm đánh giá,Không có số nhận xét,Không có,Không có,Không có,Không có,Không có,0,0,0,0,0,0,1,1,0,Không có giá trước,432.262
Bare Chic - Bare Boutique Stays,"Nguyễn Thị Minh Khai Số 18 Hẻm 12 Nguyễn Thị Minh Khai, Quận 1, Hồ Chí Minh, Việt Nam","8,7",222,8.7,9.2,9.3,8.9,9.3,1,0,0,0,0,0,1,1,1,1.354.448,1.013.889
RiverSideHome nearAirport/Netflix/Chill/Terrace,"1224 Đường Trường Sa, Phú Nhuận, Hồ Chí Minh, Việt Nam","6,6",25,6.7,5.8,6.7,6.7,5.8,1,0,0,1,0,0,0,1,1,639.278,527.778
"Nhà riêng 56 m² 2 phòng ngủ, 2 phòng tắm riêng ở Bình Thạnh (Vinhomes Central Park-2 Ngủ Cao Cấp Đẹp)","Bình Thạnh, Hồ Chí Minh, Việt Nam",Không có điểm đánh giá,Không có số nhận xét,Không có,Không có,Không có,Không có,Không có,1,0,0,1,0,0,0,0,0,1.469.724,1.429.909
"Căn hộ 80 m² 1 phòng ngủ, 1 phòng tắm riêng ở Quận 4 (Central Heights One Bedroom Apartment)","Quận 4, Hồ Chí Minh, Việt Nam",Không có điểm đánh giá,Không có số nhận xét,Không có,Không có,Không có,Không có,Không có,1,0,0,0,0,1,0,0,0,3.034.619,2.204.339
"Căn hộ 96 m² 3 phòng ngủ, 2 phòng tắm riêng ở Quận 2 (AmbiHOME 3Br Masteri Thao Dien T4 villa view[NETF])","Quận 2, Hồ Chí Minh, Việt Nam","9,4",5,10.0,10.0,9.5,9.0,9.5,1,0,0,1,0,1,0,0,1,3.888.888,1.779.340
"Căn hộ 160 m² 3 phòng ngủ, 3 phòng tắm riêng ở Quận 1 (The Rixx Family Apartment (gym/pool/security))","Quận 1, Hồ Chí Minh, Việt Nam","8,8",34,8.8,7.6,7.2,7.4,7.4,1,0,0,1,0,1,0,0,1,5.629.543,4.554.497
"Căn hộ 95 m² 2 phòng ngủ, 2 phòng tắm riêng ở Bình Thạnh (The Landmark 81 Residence Two Bedrooms Suite)","Bình Thạnh, Hồ Chí Minh, Việt Nam","8,6",4,9.3,8.0,9.3,8.7,8.0,1,0,0,1,0,1,0,0,1,5.344.450,5.238.683
"Chung cư 75 m² 2 phòng ngủ, 2 phòng tắm riêng ở Bình Thạnh (Pizzpart - Vinhomes Landmark Plus 2BR)","Bình Thạnh, Hồ Chí Minh, Việt Nam",Không có điểm đánh giá,Không có số nhận xét,Không có,Không có,Không có,Không có,Không có,1,1,0,1,0,1,0,1,0,1.666.666,1.639.083
Khách sạn Minh Hà (Minh Ha Hotel.),"24-26 Duong 30, Binh Tri Dong B Ward, Binh Tan District, Ho Chi Minh City, Vietnam, Bình Tân, Hồ Chí Minh, Việt Nam, 763755","7,2",20,8.2,7.8,7.3,6.2,6.9,1,0,0,0,0,0,1,1,1,Không có giá trước,Không có giá sau
"Căn hộ 100 m² 1 phòng ngủ, 1 phòng tắm riêng ở Bình Thạnh (1 Bedroom Landmark Apartment in Ho Chi Minh City)","Bình Thạnh, Hồ Chí Minh, Việt Nam","2,0",1,2.0,2.0,2.0,2.0,2.0,1,0,0,0,0,0,0,0,0,4.979.962,3.134.611
Saigon CBD Apartment - Infinity Pool,"155 Đường Bến Vân Đồn phường 6 Quận 4, Quận 4, Hồ Chí Minh, Việt Nam","9,5",427,9.6,9.5,9.5,9.5,9.5,1,0,1,1,1,1,1,1,1,Không có giá trước,1.030.220
"Căn hộ 35 m² 1 phòng ngủ, 1 phòng tắm riêng ở Quận 1 (S1 - Flower Garden view Studio room near Bui Vien )","Quận 1, Hồ Chí Minh, Việt Nam","4,8",1,6.0,4.0,4.0,2.0,8.0,1,0,0,1,0,0,0,0,1,Không có giá trước,763.929
Lumiere Luxury Condotel Suites,"259 Võ Nguyên Giáp, An Phú, Quận 2, Hồ Chí Minh, Việt Nam, 70000","8,3",65,10.0,10.0,10.0,10.0,10.0,1,0,1,1,1,0,1,1,1,Không có giá trước,2.361.111
The Fabulous MarQ - Host by Thomas,"The MarQ Quận 1, Quận 1, Hồ Chí Minh, Việt Nam, 700000","9,7",4,10.0,10.0,10.0,10.0,10.0,1,0,1,1,1,1,1,1,1,3.195.959,2.380.339
Bin Bin Hotel 14 - Near Vstar School D7,"15 Đ. số 6, T n Hưng , Quận 7, Hồ Chí Minh, Việt Nam, 72900","9,0",6,9.0,9.5,9.5,9.0,Không có,0,0,0,0,0,0,1,1,1,Không có giá trước,597.203
"Căn hộ 30 m² 1 phòng ngủ, 1 phòng tắm riêng ở Quận 1 (Little Cozy&Hip LOFT in Downtown)","Quận 1, Hồ Chí Minh, Việt Nam",10,2,10.0,10.0,10.0,Không có,10.0,1,0,0,1,0,0,0,0,1,546.738,517.263
Cityhouse - Nguyễn Đình Chiểu (Cityhouse - Nguyen Đinh Chieu),"361/12 Nguyễn Đình Chiểu, Quận 3, Hồ Chí Minh, Việt Nam","9,0",46,9.1,9.2,9.1,9.1,9.2,1,0,0,0,0,0,1,1,0,Không có giá trước,1.111.111
"Căn hộ 75 m² 2 phòng ngủ, 2 phòng tắm riêng ở Quận 2 (HHomes - 2 Bedroom with Pool GYM at Masteri An Phu)","Quận 2, Hồ Chí Minh, Việt Nam","9,5",3,10.0,10.0,10.0,10.0,10.0,1,0,0,1,0,1,0,1,0,1.549.412,1.281.944
Khách Sạn Sài Gòn 1979 (Saigon 1979 Hotel),"190 Cống Quỳnh, Quận 1, Hồ Chí Minh, Việt Nam, 700000","8,1",577,8.7,8.3,7.9,7.4,7.3,1,1,0,0,0,0,1,1,0,Không có giá trước,Không có giá sau
"Căn hộ m² 1 phòng ngủ, 1 phòng tắm riêng ở Bình Thạnh (Căn hộ landmark81)","Bình Thạnh, Hồ Chí Minh, Việt Nam",Không có điểm đánh giá,Không có số nhận xét,Không có,Không có,Không có,Không có,Không có,1,0,0,1,0,0,0,0,0,Không có giá trước,8.661.905
"Nhà riêng 60 m² 2 phòng ngủ, 1 phòng tắm riêng ở Quận 3 (Căn hộ phong cách pastel 2 phòng ngủ Nam Kỳ )","280 Đường Nam Kỳ Khởi Nghĩa, Quận 3, Hồ Chí Minh, Việt Nam, 550000","8,7",70,10.0,10.0,10.0,10.0,10.0,1,0,1,1,0,1,0,1,1,Không có giá trước,1.428.958
Khách Sạn Kha Thy (Kha Thy Hotel),"No 39, Street 33, Binh Trung Tay Ward, Quận 2, Hồ Chí Minh, Việt Nam, 700000","7,4",108,7.6,7.9,7.9,7.5,7.8,0,0,0,0,0,0,1,1,1,Không có giá trước,378.980
The P'Lu Homestay,"Quận 10, Hồ Chí Minh, Việt Nam","9,4",7,9.6,9.6,9.1,9.6,9.6,0,0,0,0,0,0,0,1,0,Không có giá trước,694.907
Hoasun Legend - The Metropole Thu Thiem District 2,"Metrople Thu Thiem, Nguyen Thien Thanh Street, Thu Thiem, District 02, Quận 2, Hồ Chí Minh, Việt Nam, 700000","8,1",7,7.7,8.0,7.7,8.7,9.0,1,0,0,1,0,1,0,1,1,6.000.000,2.853.016
"Căn hộ m² 2 phòng ngủ, 2 phòng tắm riêng ở Bình Thạnh (Lp@2BR~classic~luxury)","Bình Thạnh, Hồ Chí Minh, Việt Nam",Không có điểm đánh giá,Không có số nhận xét,Không có,Không có,Không có,Không có,Không có,1,0,0,1,0,0,0,0,0,Không có giá trước,9.259.576
"Căn hộ 80 m² 2 phòng ngủ, 2 phòng tắm riêng ở Phước Kiển (Luxury CoCo apartment with 2 bedrooms )","Phước Kiển, Hồ Chí Minh, Việt Nam",Không có điểm đánh giá,Không có số nhận xét,Không có,Không có,Không có,Không có,Không có,1,0,0,1,0,1,0,1,1,3.372.397,2.220.694
GRAD Ly Ly Hotel - Q6,"110 Song Hanh, Quan 6, Ho Chi Minh, Quận 6, Hồ Chí Minh, Việt Nam, 84291","9,0",17,9.0,8.8,8.8,8.7,8.8,1,0,0,0,1,0,1,1,1,1.707.200,612.835
Hostel Homestay Minh Lộc (Hostel Homestay Minh Loc),"6 Đặng Trần Côn, District 1, Ho Chi Minh City, Vietnam, Quận 1, Hồ Chí Minh, Việt Nam, 70000","7,4",190,8.2,7.3,7.7,Không có,6.7,1,0,0,1,1,0,0,1,1,2.000.000,527.315
The Metropole - Horizon View Riverside D2,"33 Đ. Trần Bạch Đằng, Quận 2, Hồ Chí Minh, Việt Nam, 70000",Không có điểm đánh giá,Không có số nhận xét,Không có,Không có,Không có,Không có,Không có,1,0,0,0,1,0,1,1,1,6.213.283,2.844.521
Khách sạn Mai Hoàng 2,"20 Đường số 42, Bình Tân, Hồ Chí Minh, Việt Nam, 700000","6,6",119,6.6,7.0,6.7,6.5,6.6,1,0,0,0,0,0,1,1,1,268.908,184.339
Tumy homestay,"102/36 Cong Quynh, Pham Ngu Lao, Quan 1, Quận 1, Hồ Chí Minh, Việt Nam, 71009","8,6",121,8.0,6.0,2.0,2.0,2.0,1,0,0,0,0,0,0,1,1,Không có giá trước,787.037
Homestay quận 3 - 1 (Homestay quan 3 - 1),"Quận 3, Hồ Chí Minh, Việt Nam","6,5",3,6.7,6.7,6.7,6.7,6.7,1,0,0,1,0,0,0,0,0,851.722,833.332
Shi House -1BR Tòa BS12 (Shi House -1BR Toa BS12),"Quận 9, Hồ Chí Minh, Việt Nam",10,1,10.0,10.0,10.0,10.0,10.0,1,0,0,1,0,1,0,1,1,Không có giá trước,625.000
"Căn hộ 72 m² 2 phòng ngủ, 2 phòng tắm riêng ở Tân Phú (Emerald happy !)","Tân Phú, Hồ Chí Minh, Việt Nam",Không có điểm đánh giá,Không có số nhận xét,Không có,Không có,Không có,Không có,Không có,1,0,0,0,0,0,0,0,0,1.510.175,1.469.264
"Căn hộ m² 2 phòng ngủ, 2 phòng tắm riêng ở Bình Thạnh (Lp@2BR~classic~luxury)","Bình Thạnh, Hồ Chí Minh, Việt Nam",Không có điểm đánh giá,Không có số nhận xét,Không có,Không có,Không có,Không có,Không có,1,0,0,1,0,0,0,0,0,Không có giá trước,9.259.576
"Căn hộ 80 m² 2 phòng ngủ, 2 phòng tắm riêng ở Phước Kiển (Luxury CoCo apartment with 2 bedrooms )","Phước Kiển, Hồ Chí Minh, Việt Nam",Không có điểm đánh giá,Không có số nhận xét,Không có,Không có,Không có,Không có,Không có,1,0,0,1,0,1,0,1,1,3.372.397,2.220.694
GRAD Ly Ly Hotel - Q6,"110 Song Hanh, Quan 6, Ho Chi Minh, Quận 6, Hồ Chí Minh, Việt Nam, 84291","9,0",17,9.0,8.8,8.8,8.7,8.8,1,0,0,0,1,0,1,1,1,1.707.200,612.835
Nhật An Hotel (Nhat An Hotel),"2 Chu Văn An 34 đường số 2, Bình Thạnh, Hồ Chí Minh, Việt Nam","6,2",63,7.3,6.5,6.1,5.7,6.3,1,0,0,0,0,0,1,1,1,Không có giá trước,Không có giá sau
Hostel Homestay Minh Lộc (Hostel Homestay Minh Loc),"6 Đặng Trần Côn, District 1, Ho Chi Minh City, Vietnam, Quận 1, Hồ Chí Minh, Việt Nam, 70000","7,4",190,8.2,7.3,7.7,Không có,6.7,1,0,0,1,1,0,0,1,1,Không có giá trước,Không có giá sau
The Metropole - Horizon View Riverside D2,"33 Đ. Trần Bạch Đằng, Quận 2, Hồ Chí Minh, Việt Nam, 70000",Không có điểm đánh giá,Không có số nhận xét,Không có,Không có,Không có,Không có,Không có,1,0,0,0,1,0,1,1,1,6.213.283,2.844.521
Khách sạn Mai Hoàng 2,"20 Đường số 42, Bình Tân, Hồ Chí Minh, Việt Nam, 700000","6,6",119,6.6,7.0,6.7,6.5,6.6,1,0,0,0,0,0,1,1,1,268.908,184.339
Tumy homestay,"102/36 Cong Quynh, Pham Ngu Lao, Quan 1, Quận 1, Hồ Chí Minh, Việt Nam, 71009","8,6",121,8.0,6.0,2.0,2.0,2.0,1,0,0,0,0,0,0,1,1,Không có giá trước,444.126
Homestay quận 3 - 1 (Homestay quan 3 - 1),"Quận 3, Hồ Chí Minh, Việt Nam","6,5",3,6.7,6.7,6.7,6.7,6.7,1,0,0,1,0,0,0,0,0,851.722,833.332
Shi House -1BR Tòa BS12 (Shi House -1BR Toa BS12),"Quận 9, Hồ Chí Minh, Việt Nam",10,1,10.0,10.0,10.0,10.0,10.0,1,0,0,1,0,1,0,1,1,Không có giá trước,625.000
"Căn hộ 72 m² 2 phòng ngủ, 2 phòng tắm riêng ở Tân Phú (Emerald happy !)","Tân Phú, Hồ Chí Minh, Việt Nam",Không có điểm đánh giá,Không có số nhận xét,Không có,Không có,Không có,Không có,Không có,1,0,0,0,0,0,0,0,0,1.510.175,1.469.264
Thái An Hotel Hồ Chí Minh,"839/17 Đường Lê Hồng Phong, Quận 10, Hồ Chí Minh, Việt Nam","7,0",7,8.0,8.0,Không có,8.0,8.0,0,0,0,0,0,0,1,1,1,1.605.778,449.418
"Căn hộ 85 m² 2 phòng ngủ, 2 phòng tắm riêng ở Quận 1 (Luxury City View at CBD)","Quận 1, Hồ Chí Minh, Việt Nam","9,6",2,8.0,10.0,10.0,10.0,10.0,1,0,0,1,0,1,0,0,1,Không có giá trước,3.803.472
TYN Apartment,"17 Đường Hoàng Diệu, Quận 4, Quận 4, Hồ Chí Minh, Việt Nam","9,1",54,10.0,10.0,10.0,8.0,10.0,1,0,0,1,0,0,0,1,1,Không có giá trước,Không có giá sau
"Chung cư 50 m² 1 phòng ngủ, 1 phòng tắm riêng ở Bình Thạnh (Golden House 3)","Bình Thạnh, Hồ Chí Minh, Việt Nam",Không có điểm đánh giá,Không có số nhận xét,Không có,Không có,Không có,Không có,Không có,1,0,0,1,0,0,0,0,0,2.111.111,1.334.582
We Home Ben Thanh,"121/33 Lê Thị Riêng WE HOME BEN THANH, Quận 1, Hồ Chí Minh, Việt Nam","7,9",306,8.3,8.0,7.6,7.2,7.4,1,0,0,0,0,0,0,1,0,Không có giá trước,814.815
Ben Thanh Station Hotel,"228 Lý Tự Trọng, Quận 1, Hồ Chí Minh, Việt Nam","7,8",881,6.8,5.8,5.5,4.6,5.3,1,0,0,0,1,0,1,1,1,699.420,509.259
"Căn hộ 25 m² 1 phòng ngủ, 1 phòng tắm riêng ở Quận 1 (Căn hộ Studio tại chung cư Nguyễn Thái Bình)","Quận 3, Hồ Chí Minh, Việt Nam",Không có điểm đánh giá,Không có số nhận xét,Không có,Không có,Không có,Không có,Không có,1,0,0,0,0,0,0,0,0,700.000,578.525
Relax Homestay 5,"Quận 9, Hồ Chí Minh, Việt Nam",Không có điểm đánh giá,Không có số nhận xét,Không có,Không có,Không có,Không có,Không có,1,0,0,1,0,0,0,0,1,Không có giá trước,625.000
"Căn hộ 55 m² 1 phòng ngủ, 1 phòng tắm riêng ở Quận 7 (Apartment Lake view Pool on Rooftop)","Quận 7, Hồ Chí Minh, Việt Nam",Không có điểm đánh giá,Không có số nhận xét,Không có,Không có,Không có,Không có,Không có,1,0,0,1,0,1,0,0,0,2.129.474,1.571.091
Khách sạn Eden Park (Edenpark Apartment & hotel service),"05-07 Phan khiem ich, tan phong , D7, Quận 7, Hồ Chí Minh, Việt Nam, 70000",Không có điểm đánh giá,Không có số nhận xét,Không có,Không có,Không có,Không có,Không có,1,0,1,1,1,0,1,1,1,Không có giá trước,Không có giá sau
"Nhà riêng 30 m² 1 phòng ngủ, 1 phòng tắm riêng ở Quận 1 (Happy home)","Quận 1, Hồ Chí Minh, Việt Nam",Không có điểm đánh giá,Không có số nhận xét,Không có,Không có,Không có,Không có,Không có,1,0,0,1,0,0,0,1,0,500.000,274.363
Vinhone Grand Park Homestay - ZEN Garden Residence,"S10.03, Origami, Vinhome Grand Park, Quận 9, Hồ Chí Minh, Việt Nam",Không có điểm đánh giá,Không có số nhận xét,Không có,Không có,Không có,Không có,Không có,0,0,0,0,0,0,0,1,0,664.460,585.549
Allen luxury apartment - Vinhomes central park,", Vinhomes Central Park, Phường 22, Bình Thạnh, Hồ Chí Minh, Việt Nam","8,0",1,8.0,8.0,8.0,8.0,8.0,0,0,0,0,0,0,1,1,0,Không có giá trước,Không có giá sau
SOHO Grand Elite,"100 Co Giang, Co Giang Ward, District 1, Ho Chi Minh City, Quận 1, Hồ Chí Minh, Việt Nam, 700000","9,6",17,9.4,9.8,9.6,9.4,9.8,1,0,1,1,1,1,0,1,1,3.700.729,1.752.374
"Căn hộ 56 m² 1 phòng ngủ, 1 phòng tắm riêng ở Quận 7 (The Ascentia Apartment Phú Mỹ Hưng)","Quận 7, Hồ Chí Minh, Việt Nam",10,2,10.0,10.0,10.0,10.0,10.0,1,0,0,1,0,1,0,0,0,17.848.913,12.653.218
Phu Gia Hotel,"19 Dương Thị Năm 19 Dương Thị Năm, Phú Xuân, Nhà Bè, HCM, Quận 3, Hồ Chí Minh, Việt Nam","6,9",20,5.3,6.7,6.5,6.0,7.3,1,0,0,1,0,0,1,1,1,369.548,325.000
"Nhà riêng 100 m² 1 phòng ngủ, 1 phòng tắm riêng ở Quận 4 (Lovely studio - river view near Ben Thanh market)","Quận 4, Hồ Chí Minh, Việt Nam",Không có điểm đánh giá,Không có số nhận xét,Không có,Không có,Không có,Không có,Không có,1,0,0,1,0,1,0,0,0,Không có giá trước,2.166.843
Nhà Wow! của Christine River View (Wow! Home by Christine River View),"208 Nguyen Huu Canh, Binh Thanh Dist, Bình Thạnh, Hồ Chí Minh, Việt Nam","7,5",95,10.0,6.0,8.0,6.0,6.0,1,1,1,1,1,1,1,1,1,Không có giá trước,1.218.630
"Căn hộ 75 m² 1 phòng ngủ, 1 phòng tắm riêng ở Quận 9 (Can Ho sky9 1 phong ngu 1 phong tam Quan 9)","Quận 9, Hồ Chí Minh, Việt Nam",Không có điểm đánh giá,Không có số nhận xét,Không có,Không có,Không có,Không có,Không có,1,0,0,0,0,0,0,0,0,10.139.041,6.676.101
"Nhà riêng 22 m² 1 phòng ngủ, 1 phòng tắm riêng ở Quận 1 (We aim to serve customers best)","Quận 1, Hồ Chí Minh, Việt Nam",Không có điểm đánh giá,Không có số nhận xét,Không có,Không có,Không có,Không có,Không có,1,0,0,1,0,0,0,1,0,650.000,356.073
Chillfin Saigon,"547 Đ. Hoàng Sa, Phường 14, 4, Quận 3, Hồ Chí Minh, Việt Nam",Không có điểm đánh giá,Không có số nhận xét,Không có,Không có,Không có,Không có,Không có,1,0,0,0,1,0,1,1,1,Không có giá trước,513.369
"Nhà riêng 30 m² 1 phòng ngủ, 1 phòng tắm riêng ở Quận 4 (Rivergate A.P For rent - Near Bui Vien food street)","Quận 4, Hồ Chí Minh, Việt Nam",10,1,10.0,10.0,10.0,10.0,10.0,1,0,0,1,0,1,0,0,0,1.195.916,1.025.503
Long Home 1 - A02,"240/6A Đường Lê Thánh Tôn, Quận 1, Hồ Chí Minh, Việt Nam","8,1",7,9.7,8.0,8.2,6.8,6.5,0,0,0,1,0,0,0,1,1,Không có giá trước,Không có giá sau
"Căn hộ 70 m² 2 phòng ngủ, 2 phòng tắm riêng ở Quận 7 (OKAER Apt River Panorama Free Infinity Pool)","Quận 7, Hồ Chí Minh, Việt Nam",Không có điểm đánh giá,Không có số nhận xét,Không có,Không có,Không có,Không có,Không có,1,0,0,1,0,1,0,0,0,2.621.282,1.930.730
"Nhà riêng 170 m² 4 phòng ngủ, 3 phòng tắm riêng ở Bình Thạnh (Vinpearl Landmark 81, Autograph Collection)","Bình Thạnh, Hồ Chí Minh, Việt Nam",Không có điểm đánh giá,Không có số nhận xét,Không có,Không có,Không có,Không có,Không có,1,0,0,1,0,0,0,0,0,10.520.282,10.333.652
"Nhà riêng 170 m² 4 phòng ngủ, 2 phòng tắm riêng ở Bình Thạnh (Vinpearl Landmark 81, Autograph Collection)","Bình Thạnh, Hồ Chí Minh, Việt Nam",Không có điểm đánh giá,Không có số nhận xét,Không có,Không có,Không có,Không có,Không có,1,0,0,1,0,0,0,0,0,8.377.426,8.228.810
"Nhà riêng 60 m² 1 phòng ngủ, 1 phòng tắm riêng ở Quận 1 (Amazing Pool - Metropole Thu Thiem Apt)","Quận 2, Hồ Chí Minh, Việt Nam",Không có điểm đánh giá,Không có số nhận xét,Không có,Không có,Không có,Không có,Không có,1,0,0,1,0,0,0,0,0,3.262.787,3.206.471
Cam Tho Hotel,"Hẻm 227 Phạm Văn Chiêu, phường 14, 715000, Duong 51, Phuong 14, Quan Go Vap, Ho Chi Minh, Ho-Chi-Minh, Gò Vấp, Hồ Chí Minh, Việt Nam, 715000","6,3",11,9.3,10.0,10.0,9.3,10.0,0,0,0,0,0,0,1,1,1,549.348,274.445
Leman Luxury 2BR Apartment in Central near Ben Thanh D1,"Quận 3, Hồ Chí Minh, Việt Nam",Không có điểm đánh giá,Không có số nhận xét,Không có,Không có,Không có,Không có,Không có,1,0,0,1,0,1,0,0,1,3.953.358,2.328.000
Cole Hotel & Apartment,"69 Trần Th nh T ng, Phường 15 , Tân Bình, Hồ Chí Minh, Việt Nam, 700000","8,6",65,8.6,9.0,9.2,8.7,8.9,0,0,0,0,0,0,1,1,1,1.479.867,391.353
"Chung cư 90 m² 3 phòng ngủ, 2 phòng tắm riêng ở Quận Tân Bình (Marry The Night, 3Brs near Airport w/Free Gym&Pool)","Tân Bình, Hồ Chí Minh, Việt Nam","9,5",32,9.8,9.9,9.4,Không có,9.1,1,0,0,1,0,1,0,0,0,Không có giá trước,2.310.970
"Căn hộ 50 m² 1 phòng ngủ, 1 phòng tắm riêng ở Quận 1 (Delightful Apartment 1 Bed/Pool/Gym D1 111A)","Quận 1, Hồ Chí Minh, Việt Nam",Không có điểm đánh giá,Không có số nhận xét,Không có,Không có,Không có,Không có,Không có,1,0,0,1,0,1,0,0,0,2.500.000,2.161.464
"Căn hộ 33 m² 1 phòng ngủ, 1 phòng tắm riêng ở Phú Nhuận (Căn hộ cao cấp Sân Bay TSN 3)","Phú Nhuận, Hồ Chí Minh, Việt Nam","7,5",2,10.0,10.0,10.0,10.0,10.0,1,0,0,0,0,0,0,0,0,700.000,578.525
"Căn hộ m² 2 phòng ngủ, 2 phòng tắm riêng ở Bình Thạnh (2PN 80m2 -Vinhomes Central Park view đẹp,ban công)","Bình Thạnh, Hồ Chí Minh, Việt Nam",Không có điểm đánh giá,Không có số nhận xét,Không có,Không có,Không có,Không có,Không có,1,0,0,0,0,0,0,0,0,276.672.876,174.083.016
Gem Villa 67,"69 Đường số 47, Gem Villa 67, Quận 2, Hồ Chí Minh, Việt Nam, 70000","6,3",54,7.1,6.6,6.4,6.3,6.3,0,0,0,1,0,0,0,1,1,688.387,376.465
"Căn hộ 25 m² 1 phòng ngủ, 1 phòng tắm riêng ở [location not yet specified] (Khách sạn tình yêu Thủ Đức)","Quận 9, Hồ Chí Minh, Việt Nam",Không có điểm đánh giá,Không có số nhận xét,Không có,Không có,Không có,Không có,Không có,0,0,0,0,0,1,0,0,0,355.432,249.676
Saigon Garden Hotel,"15- 17 Đ. Phan Khiêm Ích, Tân Phong, Quận 7, Hồ Chí Minh, Việt Nam, 700000",Không có điểm đánh giá,Không có số nhận xét,Không có,Không có,Không có,Không có,Không có,1,1,0,0,1,0,1,1,1,893.043,357.937
Homestay Sài Gòn-Luxury Apartment (Homestay Sai Gon-Luxury Apartment),"Quận 9, Hồ Chí Minh, Việt Nam","4,4",1,4.0,4.0,4.0,4.0,6.0,1,0,0,1,0,0,0,0,1,1.339.131,1.204.090
"Căn hộ 33 m² 1 phòng ngủ, 1 phòng tắm riêng ở Phú Nhuận (Căn hộ cao cấp Sân Bay TSN 3)","Phú Nhuận, Hồ Chí Minh, Việt Nam","7,5",2,10.0,10.0,10.0,10.0,10.0,1,0,0,0,0,0,0,0,0,700.000,578.525
"Căn hộ m² 2 phòng ngủ, 2 phòng tắm riêng ở Bình Thạnh (2PN 80m2 -Vinhomes Central Park view đẹp,ban công)","Bình Thạnh, Hồ Chí Minh, Việt Nam",Không có điểm đánh giá,Không có số nhận xét,Không có,Không có,Không có,Không có,Không có,1,0,0,0,0,0,0,0,0,276.675.964,174.059.974
Gem Villa 67,"69 Đường số 47, Gem Villa 67, Quận 2, Hồ Chí Minh, Việt Nam, 70000","6,3",54,7.1,6.6,6.4,6.3,6.3,0,0,0,1,0,0,0,1,1,688.387,376.465
Long Home 2 - B01,"15 Hoàng Sa, Quận 1, Hồ Chí Minh, Việt Nam","8,8",7,8.6,7.5,7.5,6.5,7.1,0,0,0,1,0,0,0,1,1,Không có giá trước,Không có giá sau
"Căn hộ 25 m² 1 phòng ngủ, 1 phòng tắm riêng ở [location not yet specified] (Khách sạn tình yêu Thủ Đức)","Quận 9, Hồ Chí Minh, Việt Nam",Không có điểm đánh giá,Không có số nhận xét,Không có,Không có,Không có,Không có,Không có,0,0,0,0,0,1,0,0,0,355.084,252.277
Saigon Garden Hotel,"15- 17 Đ. Phan Khiêm Ích, Tân Phong, Quận 7, Hồ Chí Minh, Việt Nam, 700000",Không có điểm đánh giá,Không có số nhận xét,Không có,Không có,Không có,Không có,Không có,1,1,0,0,1,0,1,1,1,893.043,357.937
Homestay Sài Gòn-Luxury Apartment (Homestay Sai Gon-Luxury Apartment),"Quận 9, Hồ Chí Minh, Việt Nam","4,4",1,4.0,4.0,4.0,4.0,6.0,1,0,0,1,0,0,0,0,1,1.339.131,1.204.090
"Căn hộ 72 m² 2 phòng ngủ, 2 phòng tắm riêng ở Tân Phú (M Emerald 2 beds, 2 toilet, 3 aircon hot water)","Tân Phú, Hồ Chí Minh, Việt Nam","9,4",5,9.6,9.6,9.6,9.6,Không có,1,0,0,1,0,1,0,1,1,Không có giá trước,1.274.660
"Căn hộ 60 m² 1 phòng ngủ, 1 phòng tắm riêng ở Bình Thạnh (L81.22.10 ( Landmark 81 ) - 1 PN)","Bình Thạnh, Hồ Chí Minh, Việt Nam",Không có điểm đánh giá,Không có số nhận xét,Không có,Không có,Không có,Không có,Không có,1,0,0,1,0,1,0,0,1,3.123.766,2.890.638
"Căn hộ 60 m² 2 phòng ngủ, 1 phòng tắm riêng ở Quận 1 (The Rixx Skyline Apartment @ D1/jacuzzi/pool/sauna)","Quận 1, Hồ Chí Minh, Việt Nam","9,0",123,9.0,8.2,8.4,8.8,8.8,1,0,0,1,0,1,0,0,1,2.885.947,2.489.422
"Căn hộ 85 m² 2 phòng ngủ, 2 phòng tắm riêng ở Bình Thạnh (2 Bedroom Apartment - Vinhomes Central Park)","Bình Thạnh, Hồ Chí Minh, Việt Nam",Không có điểm đánh giá,Không có số nhận xét,Không có,Không có,Không có,Không có,Không có,1,0,0,0,0,1,0,0,1,5.344.450,5.238.683
"Căn hộ 85 m² 2 phòng ngủ, 2 phòng tắm riêng ở Bình Thạnh (VINHOMES LUXURY APARTMENT DUNGNGUYEN)","Bình Thạnh, Hồ Chí Minh, Việt Nam",Không có điểm đánh giá,Không có số nhận xét,Không có,Không có,Không có,Không có,Không có,1,0,0,1,0,1,0,0,1,Không có giá trước,1.429.909
"Căn hộ 83 m² 2 phòng ngủ, 2 phòng tắm riêng ở Quận 4 (Cozy Riverside Getaway - Quan 4)","Quận 4, Hồ Chí Minh, Việt Nam","9,2",2,10.0,9.0,9.0,9.0,9.0,1,0,0,1,0,1,0,1,1,1.753.655,1.518.885
Long Home 2 - B02,"15 Hoàng Sa, Quận 1, Hồ Chí Minh, Việt Nam","8,0",8,8.2,8.4,7.4,6.9,7.0,0,0,0,1,0,0,0,1,1,Không có giá trước,Không có giá sau
"Căn hộ 60 m² 1 phòng ngủ, 1 phòng tắm riêng ở Bình Thạnh (L5.36.11 ( Landmark 5 ) - 1PN)","Bình Thạnh, Hồ Chí Minh, Việt Nam",Không có điểm đánh giá,Không có số nhận xét,Không có,Không có,Không có,Không có,Không có,1,0,0,1,0,1,0,0,1,1.977.200,1.829.285
"Nhà riêng 100 m² 3 phòng ngủ, 2 phòng tắm riêng ở Quận 9 (VIP Apartment with Pool View)","Quận 9, Hồ Chí Minh, Việt Nam",10,1,10.0,10.0,10.0,10.0,10.0,1,0,0,1,0,1,0,0,0,Không có giá trước,2.865.429
"Căn hộ 110 m² 3 phòng ngủ, 2 phòng tắm riêng ở Quận 1 (President Residence 3Bedrooms In Léman District 3)","Quận 3, Hồ Chí Minh, Việt Nam","7,6",2,8.0,7.0,8.0,7.0,8.0,1,0,0,1,0,1,0,0,0,8.565.964,6.970.420
"Căn hộ 74 m² 2 phòng ngủ, 2 phòng tắm riêng ở Quận 4 (Apartment in Quan 4 HCMC Vietnam)","Quận 4, Hồ Chí Minh, Việt Nam",Không có điểm đánh giá,Không có số nhận xét,Không có,Không có,Không có,Không có,Không có,1,0,0,1,0,1,0,0,0,7.294.622,2.332.978
Emily Residence The Opera Luxury Ho Chi Minh City,"12 Đ. Trần Bạch Đằng, Thủ Thiêm, 25, Quận 2, Hồ Chí Minh, Việt Nam, 70000",Không có điểm đánh giá,Không có số nhận xét,Không có,Không có,Không có,Không có,Không có,1,0,0,1,1,0,1,1,1,15.882.933,3.970.733
"Căn hộ 40 m² 1 phòng ngủ, 1 phòng tắm riêng ở Phú Nhuận (TEDDY APARTMENT 5* apt in floor 10 w free pool)","Tân Bình, Hồ Chí Minh, Việt Nam","8,4",3,9.3,7.3,8.7,8.0,8.7,1,0,0,1,0,1,0,0,1,760.710,666.344
Emily Residence Lumiere Riverside Luxury HCMC,"259 Vo Nguyen Giap, An Phú, 45, Quận 2, Hồ Chí Minh, Việt Nam, 70000",Không có điểm đánh giá,Không có số nhận xét,Không có,Không có,Không có,Không có,Không có,0,0,0,1,1,0,1,1,1,12.082.421,3.020.605
"Căn hộ 50 m² 1 phòng ngủ, 1 phòng tắm riêng ở Bình Thạnh (Apartment 1 bedroom at Landmark - VINHOMES)","Bình Thạnh, Hồ Chí Minh, Việt Nam","8,6",14,9.1,8.2,8.5,8.2,9.1,1,0,0,1,0,1,0,0,0,1.993.337,1.106.825
"Căn hộ 100 m² 3 phòng ngủ, 2 phòng tắm riêng ở Quận 4 (Sunrise City- 3 Bedroom-Sunrise CityView Apartment)","Quận 7, Hồ Chí Minh, Việt Nam",Không có điểm đánh giá,Không có số nhận xét,Không có,Không có,Không có,Không có,Không có,1,0,0,1,0,1,0,0,1,Không có giá trước,2.464.914
Khách sạn Plus Vienna (Plus Vienna Hotel),"29 Street 33A, Binh Tan, Ho chi Minh City, Bình Tân, Hồ Chí Minh, Việt Nam, 700000","8,2",93,8.1,8.6,8.4,8.2,8.2,0,0,0,0,0,0,1,1,1,Không có giá trước,Không có giá sau
Emily Residence The MarQ Luxury Ho Chi Minh Center,"29B Nguyen Dinh Chieu, Dakao, Quận 1, Hồ Chí Minh, Việt Nam, 70000",Không có điểm đánh giá,Không có số nhận xét,Không có,Không có,Không có,Không có,Không có,1,0,1,1,1,1,1,1,1,14.346.193,3.586.548
Blue Diamond Hotel (Airport),"B116 Bach Dang, Tân Bình, Hồ Chí Minh, Việt Nam, 700000","8,8",7,Không có,Không có,Không có,Không có,Không có,1,0,0,0,1,0,0,1,1,Không có giá trước,530.800
"Nhà mặt đất 40 m² 1 phòng ngủ, 1 phòng tắm riêng ở Bình Thạnh (OFF 20% M-H Apartment with bedroom )","Bình Thạnh, Hồ Chí Minh, Việt Nam",Không có điểm đánh giá,Không có số nhận xét,Không có,Không có,Không có,Không có,Không có,1,0,0,1,0,0,0,0,0,Không có giá trước,3.209.359
"Căn hộ 56 m² 1 phòng ngủ, 1 phòng tắm riêng ở Bình Thạnh (Căn Hộ Cao Cấp LandMark 81/LandMark1-2-3-4)","Bình Thạnh, Hồ Chí Minh, Việt Nam",Không có điểm đánh giá,Không có số nhận xét,Không có,Không có,Không có,Không có,Không có,1,0,0,1,0,1,0,0,0,2.034.874,1.926.533
"Nhà riêng 75 m² 2 phòng ngủ, 2 phòng tắm riêng ở Quận 4 (RiverGate Luxury 2br Apartment in D1 HCMC CBD)","Quận 4, Hồ Chí Minh, Việt Nam",10,2,10.0,10.0,10.0,Không có,10.0,1,0,0,0,0,1,0,1,1,4.173.941,2.627.265
"Căn hộ 75 m² 1 phòng ngủ, 1 phòng tắm riêng ở Quận 9 (Can ho sky9 1 phong ngu 1 phong tam Quan 2)","Quận 9, Hồ Chí Minh, Việt Nam",Không có điểm đánh giá,Không có số nhận xét,Không có,Không có,Không có,Không có,Không có,1,0,0,1,0,0,0,0,0,7.890.917,5.195.812
"Căn hộ 108 m² 3 phòng ngủ, 2 phòng tắm riêng ở Bình Thạnh (Apartment (Landmark Plus) in Ho Chi Minh City)","Bình Thạnh, Hồ Chí Minh, Việt Nam",Không có điểm đánh giá,Không có số nhận xét,Không có,Không có,Không có,Không có,Không có,1,0,0,1,0,1,0,1,0,3.200.000,1.858.719
"Căn hộ 95 m² 3 phòng ngủ, 2 phòng tắm riêng ở Quận 4 (Cho thuê căn 3pn RIVER GATE Q4)","Quận 4, Hồ Chí Minh, Việt Nam","8,8",1,8.0,10.0,10.0,8.0,8.0,1,0,0,1,0,1,0,0,0,Không có giá trước,8.632.099
Khách Sạn Roseland Point (Roseland Point Hotel),"65 Ho Tung Mau Street, Dist 1, Quận 1, Hồ Chí Minh, Việt Nam","8,1",1750,8.8,8.3,8.1,7.3,8.0,0,1,0,0,1,0,1,1,0,Không có giá trước,1.955.343
Elegance Saigon Scenic Valley Distrist 7,"Đ. Nguyễn Văn Linh, Tân Phú, Scenic Valley 1 Block D, Quận 7, Hồ Chí Minh, Việt Nam, 700000",Không có điểm đánh giá,Không có số nhận xét,Không có,Không có,Không có,Không có,Không có,0,0,0,0,0,0,1,1,0,Không có giá trước,Không có giá sau
"Căn hộ 75 m² 2 phòng ngủ, 2 phòng tắm riêng ở Quận 2 (Entire rental unit in Masteri Thao Dien ,HCMC)","Quận 2, Hồ Chí Minh, Việt Nam","9,9",27,10.0,10.0,9.9,Không có,9.6,1,0,0,1,0,1,0,0,1,Không có giá trước,1.185.981
"Căn hộ 30 m² 1 phòng ngủ, 1 phòng tắm riêng ở Quận 9 (VINHOMES GRAND PARK CĂN STUDIO ĐỦ TIỆN NGHI)","Quận 9, Hồ Chí Minh, Việt Nam","9,6",2,9.0,10.0,10.0,9.0,10.0,1,0,0,1,0,1,0,0,1,950.160,786.531
"Căn hộ 100 m² 1 phòng ngủ, 1 phòng tắm riêng ở Quận 4 (Saigon Royal Apartment free Pool & Gym )","Quận 4, Hồ Chí Minh, Việt Nam","8,0",1,8.0,8.0,8.0,8.0,8.0,1,0,0,1,0,1,0,1,0,Không có giá trước,1.235.688
"Căn hộ 150 m² 4 phòng ngủ, 3 phòng tắm riêng ở Bình Thạnh (Eric apartment)","Bình Thạnh, Hồ Chí Minh, Việt Nam",Không có điểm đánh giá,Không có số nhận xét,Không có,Không có,Không có,Không có,Không có,1,0,0,1,0,0,0,0,1,Không có giá trước,41.577.143
Lovely Apartment Ho Chi Minh,"98 Khanh Hoi Street, Ward 4, District 4, Quận 4, Hồ Chí Minh, Việt Nam","9,4",15,Không có,Không có,Không có,Không có,Không có,1,0,0,1,0,1,0,1,1,2.231.097,1.968.006
"Căn hộ 50 m² 1 phòng ngủ, 1 phòng tắm riêng ở Quận 9 (Yên Home)","Quận 9, Hồ Chí Minh, Việt Nam",10,1,10.0,10.0,10.0,10.0,10.0,1,0,0,1,0,0,0,0,0,740.092,704.541
Leman Luxury Apartments 2BR 3BR For Rent In Central,"20a Trương Định, Quận 3, Hồ Chí Minh, Việt Nam","9,2",38,9.3,9.4,9.1,9.2,9.4,1,0,1,1,0,1,0,1,1,Không có giá trước,2.929.167
"Căn hộ 139 m² 3 phòng ngủ, 2 phòng tắm riêng ở Bình Thạnh (Free Airport Pickup★139SQM High Floor River View★)","Bình Thạnh, Hồ Chí Minh, Việt Nam","9,4",44,9.6,9.6,9.2,Không có,9.0,1,0,0,1,0,1,0,0,1,4.444.445,3.851.617
Otis Apartment - Rivergate Building District 4,"151 Đường Bến Vân Đồn, Quận 4, Hồ Chí Minh, Việt Nam","8,3",26,9.3,8.7,8.6,8.6,8.4,1,0,0,1,1,1,0,1,1,Không có giá trước,994.250
"Căn hộ 88 m² 2 phòng ngủ, 2 phòng tắm riêng ở Quận 7 (The Peak - Midtown . Two Bedroom Free Pool , Gym .)","Quận 7, Hồ Chí Minh, Việt Nam",Không có điểm đánh giá,Không có số nhận xét,Không có,Không có,Không có,Không có,Không có,1,0,0,1,0,0,0,0,0,5.177.743,5.075.275
Salute Saigon Hotel and Spa,"224 Lý Tự Trọng, Phường Bến Thành, Quận 1, Hồ Chí Minh, Việt Nam","9,3",125,9.0,9.0,9.0,Không có,8.0,0,0,0,0,1,0,1,1,0,4.623.111,963.148
Bluesky MarQ Luxury Vacation,"No. 29b, Nguyen Dinh Chieu, Da Kao, Vietnam, Quận 1, Hồ Chí Minh, Việt Nam, 71007","4,7",3,4.0,2.0,2.0,2.0,4.0,1,0,0,1,1,0,1,1,1,15.000.000,5.943.676
Anh Thien Sai Gon Central Hotel - by Bay Luxury,"35E Đường Nguyễn Trung Trực, Quận 1, TP. Hồ Chí Minh, Việt Nam, Quận 1, Hồ Chí Minh, Việt Nam","6,1",6,6.9,8.8,7.5,6.3,6.9,0,0,0,0,0,0,0,1,0,586.925,582.040
Landmark Urban Oasis Residences,"720A Điện Biên Phủ, Bình Thạnh, Hồ Chí Minh, Việt Nam","8,8",59,8.5,9.3,8.8,9.1,8.6,1,0,1,1,1,1,1,1,1,2.981.135,1.257.353
Linden house near Bui Vien,"Quận 1, Hồ Chí Minh, Việt Nam",Không có điểm đánh giá,Không có số nhận xét,Không có,Không có,Không có,Không có,Không có,0,0,0,0,0,0,0,0,1,Không có giá trước,768.519
"Căn hộ 139 m² 3 phòng ngủ, 2 phòng tắm riêng ở Bình Thạnh (Free Airport Pickup★139SQM High Floor River View★)","Bình Thạnh, Hồ Chí Minh, Việt Nam","9,4",44,9.6,9.6,9.2,Không có,9.0,1,0,0,1,0,1,0,0,1,4.444.445,3.851.617
Otis Apartment - Rivergate Building District 4,"151 Đường Bến Vân Đồn, Quận 4, Hồ Chí Minh, Việt Nam","8,3",26,9.3,8.7,8.6,8.6,8.4,1,0,0,1,1,1,0,1,1,Không có giá trước,994.250
"Căn hộ 88 m² 2 phòng ngủ, 2 phòng tắm riêng ở Quận 7 (The Peak - Midtown . Two Bedroom Free Pool , Gym .)","Quận 7, Hồ Chí Minh, Việt Nam",Không có điểm đánh giá,Không có số nhận xét,Không có,Không có,Không có,Không có,Không có,1,0,0,1,0,0,0,0,0,5.177.743,5.075.275
Soho Saigon Balcony Apartment,"100 Cô Giang, Quận 1, Hồ Chí Minh, Việt Nam","8,9",66,9.1,9.0,9.0,8.8,8.9,1,0,0,1,0,0,0,1,1,Không có giá trước,Không có giá sau
Salute Saigon Hotel and Spa,"224 Lý Tự Trọng, Phường Bến Thành, Quận 1, Hồ Chí Minh, Việt Nam","9,3",125,9.0,9.0,9.0,Không có,8.0,0,0,0,0,1,0,1,1,0,4.623.111,963.148
Bluesky MarQ Luxury Vacation,"No. 29b, Nguyen Dinh Chieu, Da Kao, Vietnam, Quận 1, Hồ Chí Minh, Việt Nam, 71007","4,7",3,4.0,2.0,2.0,2.0,4.0,1,0,0,1,1,0,1,1,1,15.000.000,5.943.676
Anh Thien Sai Gon Central Hotel - by Bay Luxury,"35E Đường Nguyễn Trung Trực, Quận 1, TP. Hồ Chí Minh, Việt Nam, Quận 1, Hồ Chí Minh, Việt Nam","6,1",6,6.9,8.8,7.5,6.3,6.9,0,0,0,0,0,0,0,1,0,586.925,582.040
Landmark Urban Oasis Residences,"720A Điện Biên Phủ, Bình Thạnh, Hồ Chí Minh, Việt Nam","8,8",59,8.5,9.3,8.8,9.1,8.6,1,0,1,1,1,1,1,1,1,Không có giá trước,Không có giá sau
Linden house near Bui Vien,"Quận 1, Hồ Chí Minh, Việt Nam",Không có điểm đánh giá,Không có số nhận xét,Không có,Không có,Không có,Không có,Không có,0,0,0,0,0,0,0,0,1,Không có giá trước,Không có giá sau
"Nhà riêng 70 m² 2 phòng ngủ, 1 phòng tắm riêng ở Quận 7 (Apt River Panorama Free Karaokeg Pool Gym)","Quận 7, Hồ Chí Minh, Việt Nam",Không có điểm đánh giá,Không có số nhận xét,Không có,Không có,Không có,Không có,Không có,1,0,0,1,0,1,0,0,0,2.621.282,1.930.730
Khách sạn Đại An Bình Tân (Dai An Binh Tan Hotel),"93/10 NGUYEN THI TU, BINH HUNG HOA B WARD, BINH TAN DISTRICT, Bình Tân, Hồ Chí Minh, Việt Nam, 700000","7,2",30,7.9,7.7,7.7,7.7,7.6,1,0,0,0,0,0,1,1,1,362.804,220.791
"Caesars Suites - Terra Royal, Central Point, HighClass & Poker Table","83 Lý Chính Thắng, Quận 3, Hồ Chí Minh, Việt Nam","8,4",45,9.1,8.6,8.8,8.4,8.7,1,0,0,0,1,0,1,1,1,2.561.656,1.050.833
Tế công-vinhomes (Te cong-vinhomes),"Quận 9, Hồ Chí Minh, Việt Nam",10,1,10.0,10.0,10.0,10.0,10.0,1,0,0,1,0,0,0,0,0,742.039,661.765
Căn hộ Dịch vụ iCASA (iCASA Serviced Apartment),"25 Street 46, Thao Dien Ward, District 2, Quận 2, Hồ Chí Minh, Việt Nam","9,2",38,8.3,9.4,8.9,8.9,8.9,1,0,0,0,0,0,1,1,1,Không có giá trước,Không có giá sau
"8 m² 2 phòng ngủ, 1 phòng tắm riêng ở Thủ Đức (Room2)","Thủ Đức, Hồ Chí Minh, Việt Nam",Không có điểm đánh giá,Không có số nhận xét,Không có,Không có,Không có,Không có,Không có,1,0,0,1,0,1,0,0,1,148.481,85.960
"Căn hộ 80 m² 2 phòng ngủ, 2 phòng tắm riêng ở Quận 2 (The Sun Avenue - CAT Apartment)","Quận 2, Hồ Chí Minh, Việt Nam","9,6",4,10.0,10.0,10.0,10.0,10.0,1,0,0,1,0,1,0,0,1,Không có giá trước,1.253.125
"Nhà riêng 100 m² 2 phòng ngủ, 2 phòng tắm riêng ở Quận 2 (Lumiere Riverside E214)","Quận 2, Hồ Chí Minh, Việt Nam",Không có điểm đánh giá,Không có số nhận xét,Không có,Không có,Không có,Không có,Không có,0,0,0,1,0,0,0,0,0,1.800.000,1.558.556
Thiên Tài Hotel,"452 Đ. Nguyễn Thị Minh Khai, Phường 5, Quận 3, Hồ Chí Minh, Việt Nam","7,7",355,7.4,7.2,6.3,6.7,7.6,1,1,0,0,0,0,1,1,1,1.375.606,601.852
"Căn hộ 80 m² 2 phòng ngủ, 2 phòng tắm riêng ở Phước Kiển (Luxury CoCo apartment 2 bedrooms )","Phước Kiển, Hồ Chí Minh, Việt Nam",Không có điểm đánh giá,Không có số nhận xét,Không có,Không có,Không có,Không có,Không có,1,0,0,1,0,1,0,1,1,3.372.397,2.220.694
Otis Apartment - Soho Residence District 1,"100 Cô Giang, Phường Cô Giang, Quận 1, Hồ Chí Minh, Việt Nam","9,2",23,9.4,9.2,9.3,9.0,9.3,0,0,0,0,0,0,1,1,1,Không có giá trước,1.309.091
"Căn hộ 60 m² 2 phòng ngủ, 2 phòng tắm riêng ở Quận 1 (Two Beds Lovely Apartment/ Balcony 54A)","Quận 1, Hồ Chí Minh, Việt Nam","8,2",4,9.3,9.3,9.3,8.7,10.0,1,0,0,1,0,1,0,0,0,Không có giá trước,Không có giá sau
"Căn hộ 98 m² 2 phòng ngủ, 2 phòng tắm riêng ở Quận 1 (The Metropole Thu Thiem #3)","20 Nguyễn Thiện Thành , Phường Thủ Thiêm , Quận 2, The Galleria , Căn Hộ A.03A.06 , Tháp A , Tầng 3A , Căn 06, Quận 2, Hồ Chí Minh, Việt Nam, 140000","8,6",209,10.0,10.0,10.0,10.0,10.0,1,0,1,1,0,0,1,1,1,Không có giá trước,2.140.741
"Nhà riêng 40 m² 2 phòng ngủ, 2 phòng tắm riêng ở Quận 3 (Ngôi nhà vui vẻ tại Quận 10.)","Quận 10, Hồ Chí Minh, Việt Nam",10,2,10.0,10.0,10.0,Không có,9.0,1,0,0,1,0,0,0,0,0,3.058.104,1.851.059
Amory Apartment Nguyen Trai,"Room 55, No. 10, Nguyen Trai Street, Nguyen Cu Trinh Ward, District 1, Amory Apartment Nguyen Trai, Amory Apartment Nguyen Trai, Quận 1, Hồ Chí Minh, Việt Nam, 90000","4,3",10,5.5,6.0,5.5,4.0,6.0,1,0,0,1,1,0,1,1,1,Không có giá trước,Không có giá sau
"Căn hộ 35 m² 1 phòng ngủ, 1 phòng tắm riêng ở Quận 4 (Destiny Rivergate Studio Near Ben Thanh (a5ig))","Quận 4, Hồ Chí Minh, Việt Nam",Không có điểm đánh giá,Không có số nhận xét,Không có,Không có,Không có,Không có,Không có,1,0,0,1,0,1,0,0,1,Không có giá trước,1.558.079
"Chung cư 93 m² 2 phòng ngủ, 2 phòng tắm riêng ở Bình Thạnh (Vinhomes Central Park - Dany 2)","Bình Thạnh, Hồ Chí Minh, Việt Nam","9,8",17,8.0,8.0,8.0,6.0,6.0,1,0,0,1,0,1,0,0,0,1.812.659,1.782.061
VANIA HOUSE - cozy studio near the airport,"Gò Vấp, Hồ Chí Minh, Việt Nam","8,8",16,7.5,9.5,9.0,9.5,9.5,1,0,0,0,0,0,0,0,0,Không có giá trước,611.111
New Sun Hotel Phu Nhuan,"77b Hoa Hồng, Phú Nhuận, Hồ Chí Minh, Việt Nam","7,2",62,8.7,8.3,8.4,8.1,8.4,1,0,0,0,0,0,1,1,1,Không có giá trước,586.667
"Căn hộ 38 m² 1 phòng ngủ, 1 phòng tắm riêng ở Quận 1 (Hapiness house)","Quận 1, Hồ Chí Minh, Việt Nam","8,0",1,8.0,8.0,8.0,8.0,8.0,1,0,0,0,0,0,0,0,0,947.127,919.920
"Căn hộ 30 m² 1 phòng ngủ, 1 phòng tắm riêng ở Quận 4 (Studio Rivergate City View)","151 Bến Vân Đồn, Studio Rivergate City View, Quận 4, Hồ Chí Minh, Việt Nam, 72800","7,6",32,9.4,7.9,8.1,8.5,7.6,1,0,0,1,0,1,0,1,1,Không có giá trước,Không có giá sau
"Nhà riêng 70 m² 2 phòng ngủ, 2 phòng tắm riêng ở Quận 7 (Humyn Luxury apartment Sky view 2BR)","Quận 7, Hồ Chí Minh, Việt Nam",Không có điểm đánh giá,Không có số nhận xét,Không có,Không có,Không có,Không có,Không có,1,0,0,1,0,1,0,0,0,2.539.683,2.313.143
"Căn hộ 51 m² 1 phòng ngủ, 1 phòng tắm riêng ở Quận 2 (The Sun Avenue - VINTAGE Apartment)","Quận 2, Hồ Chí Minh, Việt Nam","8,6",35,8.6,8.7,8.7,8.9,8.9,1,0,0,1,0,1,0,0,1,1.529.508,803.286
Sai Gon's Book Hotel (Sai Gon Book Hotel),"15A Đường Trường Sơn, Phường 4, Tân Bình, Hồ Chí Minh, Việt Nam, 00848","7,6",825,8.3,7.7,7.9,6.8,7.6,0,1,0,0,0,1,1,1,1,Không có giá trước,647.892
RedDoorz Tahami Hotel near Kha Van Can,"Số 1A, đường D2, Khu dân cư Tân Hải Minh, Linh Tây, Thủ Đức, Hồ Chí Minh, Thủ Đức, Hồ Chí Minh, Việt Nam, 70000","7,3",84,7.7,7.9,7.8,7.3,7.7,0,0,0,0,0,0,1,1,1,Không có giá trước,Không có giá sau
"Căn hộ 69 m² 2 phòng ngủ, 2 phòng tắm riêng ở Quận 9 (Bao Han Friendly Homestay)",", Vinhomes Grand Park, S8.03 Origami, Quận 9, Hồ Chí Minh, Việt Nam","6,1",1,7.5,7.5,5.0,5.0,7.5,1,0,0,0,0,0,0,1,0,1.064.733,636.322
Tommy Land,"Quận 9, Hồ Chí Minh, Việt Nam",Không có điểm đánh giá,Không có số nhận xét,Không có,Không có,Không có,Không có,Không có,0,0,0,1,0,0,0,0,0,Không có giá trước,976.563
ECO BEN THANH - Ecodotel,"165/67 Đ. Nguyễn Thái Bình, Phường Nguyễn Thái Bình, Quận 1, Hồ Chí Minh, Việt Nam, 700000","8,0",387,8.0,8.0,6.0,8.0,8.0,1,0,0,0,0,0,1,1,1,Không có giá trước,972.222
Masteri Thao Dien 2 bedroom,"Quận 2, Hồ Chí Minh, Việt Nam",Không có điểm đánh giá,Không có số nhận xét,Không có,Không có,Không có,Không có,Không có,0,0,0,1,0,0,0,0,1,Không có giá trước,1.203.703
"Nhà riêng 80 m² 2 phòng ngủ, 2 phòng tắm riêng ở Quận 9 (Masteri Centre Point A.16 2BR/2WC VinhomeGrandPark)","Quận 9, Hồ Chí Minh, Việt Nam","9,8",17,9.5,9.8,9.8,Không có,9.9,0,0,0,0,0,1,0,0,1,1.400.000,797.250
Luxury 3 Bedroom Apartment - Family - SECC,"Quận 7, Hồ Chí Minh, Việt Nam",Không có điểm đánh giá,Không có số nhận xét,Không có,Không có,Không có,Không có,Không có,1,0,0,1,0,0,0,1,0,2.759.389,2.750.000
Masteri Centre Point-Vinhomes Q9  (Masteri Centre Point-Vinhomes Q9),"Quận 9, Hồ Chí Minh, Việt Nam",Không có điểm đánh giá,Không có số nhận xét,Không có,Không có,Không có,Không có,Không có,1,0,0,1,0,1,0,0,1,Không có giá trước,1.726.615
La Palma Boutique Hotel,"No. 27a, Hung Phuoc 1 Area, Tan Phong 5, 5, Quận 7, Hồ Chí Minh, Việt Nam, 700000","9,2",108,8.8,7.2,7.6,6.8,8.4,1,0,0,0,1,0,1,1,1,950.000,758.333
CIRCADIAN Japanese Studios in Downtown,"7/1 Nguyễn Thị Minh Khai, Quận 1, Hồ Chí Minh, Việt Nam","8,8",1983,9.4,9.2,9.1,9.2,9.4,0,0,0,1,0,0,0,1,1,1.200.026,1.001.852
Cactusland Hotel Near Tan Son Nhat Airport,"37 Bình Giã, Phường 13, Tân Bình, Hồ Chí Minh, Việt Nam","8,2",11,8.7,8.7,9.8,8.0,8.0,0,0,0,0,1,0,1,1,1,Không có giá trước,496.291
"Căn hộ 40 m² 1 phòng ngủ, 1 phòng tắm riêng ở Quận 2 (Sun Avenue Happy Home)","Quận 2, Hồ Chí Minh, Việt Nam","9,0",5,9.2,8.8,8.8,9.2,9.2,1,0,0,1,0,1,0,0,0,1.098.889,769.806
"Căn hộ 72 m² 2 phòng ngủ, 2 phòng tắm riêng ở Phú Nhuận (airport, 2BR, Tân Sơn Nhất, free gym)","Tân Bình, Hồ Chí Minh, Việt Nam",Không có điểm đánh giá,Không có số nhận xét,Không có,Không có,Không có,Không có,Không có,1,0,0,0,0,1,0,0,0,5.257.656,3.301.078
"Căn hộ 140 m² 4 phòng ngủ, 2 phòng tắm riêng ở Quận 4 (Luxury Apartment 4Br)","Quận 4, Hồ Chí Minh, Việt Nam",Không có điểm đánh giá,Không có số nhận xét,Không có,Không có,Không có,Không có,Không có,1,0,0,1,0,1,0,0,1,4.210.051,3.656.339
"Nhà riêng 71 m² 2 phòng ngủ, 2 phòng tắm riêng ở Quận 6 (Superior Asiana Capella)","Quận 6, Hồ Chí Minh, Việt Nam","8,9",4,8.0,4.0,8.0,8.0,8.0,1,0,0,1,0,0,0,0,1,1.375.000,1.188.308
LOAN VÕ HOSTEL,"269 Đề Thám, Quận 1, Hồ Chí Minh, Việt Nam","7,8",244,9.2,8.8,8.8,7.9,8.7,0,0,0,0,1,0,1,1,1,800.000,599.071
"Căn hộ 40 m² 1 phòng ngủ, 1 phòng tắm riêng ở Quận 2 (Sun Avenue Happy Home)","Quận 2, Hồ Chí Minh, Việt Nam","9,0",5,9.2,8.8,8.8,9.2,9.2,1,0,0,1,0,1,0,0,0,1.098.889,769.806
"Căn hộ 72 m² 2 phòng ngủ, 2 phòng tắm riêng ở Phú Nhuận (airport, 2BR, Tân Sơn Nhất, free gym)","Tân Bình, Hồ Chí Minh, Việt Nam",Không có điểm đánh giá,Không có số nhận xét,Không có,Không có,Không có,Không có,Không có,1,0,0,0,0,1,0,0,0,5.257.656,3.301.078
"Căn hộ 140 m² 4 phòng ngủ, 2 phòng tắm riêng ở Quận 4 (Luxury Apartment 4Br)","Quận 4, Hồ Chí Minh, Việt Nam",Không có điểm đánh giá,Không có số nhận xét,Không có,Không có,Không có,Không có,Không có,1,0,0,1,0,1,0,0,1,4.210.051,3.656.339
Lucky Residence Suites,"206, đường nguyễn đình chiểu, phường Võ Thị Sáu , Quận 3, HCM( gần ngã từ Trần Quốc Thảo vfa Nguyễn Đình Chiểu), Quận 3, Hồ Chí Minh, Việt Nam, 700000","9,3",17,9.5,9.6,9.7,9.2,9.3,1,0,0,0,0,1,0,1,1,Không có giá trước,Không có giá sau
"Nhà riêng 71 m² 2 phòng ngủ, 2 phòng tắm riêng ở Quận 6 (Superior Asiana Capella)","Quận 6, Hồ Chí Minh, Việt Nam","8,9",4,8.0,4.0,8.0,8.0,8.0,1,0,0,1,0,0,0,0,1,1.375.000,1.188.308
LOAN VÕ HOSTEL,"269 Đề Thám, Quận 1, Hồ Chí Minh, Việt Nam","7,8",244,9.2,8.8,8.8,7.9,8.7,0,0,0,0,1,0,1,1,1,800.000,599.071
Herla Masteri Thao Dien,"159 Xa lo Ha Noi, Tower 2, Unit A16.08, Thao Dien Ward, District 2, Block A, Ho Chi Minh City, Vietnam, Quận 2, Hồ Chí Minh, Việt Nam",Không có điểm đánh giá,Không có số nhận xét,Không có,Không có,Không có,Không có,Không có,1,0,0,0,1,0,1,1,1,Không có giá trước,3.088.556
"Căn hộ 80 m² 2 phòng ngủ, 2 phòng tắm riêng ở Quận 1 (Charming Living - 2 bedrooms Apart - Sailing Tower)","Quận 1, Hồ Chí Minh, Việt Nam","8,7",3,8.7,8.7,8.7,8.7,8.7,1,0,0,1,0,0,0,0,1,3.555.556,2.689.191
"Căn hộ 70 m² 2 phòng ngủ, 2 phòng tắm riêng ở Quận 4 (Ciao Saigon apartments - Infinity POOL )","Quận 4, Hồ Chí Minh, Việt Nam",Không có điểm đánh giá,Không có số nhận xét,Không có,Không có,Không có,Không có,Không có,1,0,0,0,0,1,0,0,1,1.190.476,1.154.893
"Căn hộ 180 m² 3 phòng ngủ, 4 phòng tắm riêng ở Quận 3 (Sky Villas in Centre HCMC - Joyful Place)","Quận 3, Hồ Chí Minh, Việt Nam",Không có điểm đánh giá,Không có số nhận xét,Không có,Không có,Không có,Không có,Không có,1,0,0,0,0,1,0,0,0,15.779.817,13.621.294
Homestay Adora - Vinhome GP Q9,"Quận 9, Hồ Chí Minh, Việt Nam",Không có điểm đánh giá,Không có số nhận xét,Không có,Không có,Không có,Không có,Không có,1,0,0,1,0,1,0,0,1,931.217,897.153
Homestay ADORA - Vinhome GP - Q9,"Quận 9, Hồ Chí Minh, Việt Nam",Không có điểm đánh giá,Không có số nhận xét,Không có,Không có,Không có,Không có,Không có,1,0,0,1,0,1,0,0,1,931.217,897.153
Masteri Centre Point- Vinhome Q9,"Quận 9, Hồ Chí Minh, Việt Nam","8,6",2,10.0,10.0,8.0,8.0,7.0,1,0,0,1,0,1,0,0,1,Không có giá trước,Không có giá sau
GRAD Phan Hotel,"185/6 Pham Ngu Lao, Quận 1, Hồ Chí Minh, Việt Nam, 71009","5,6",1,8.0,6.0,2.0,6.0,6.0,0,0,0,0,1,0,1,1,0,Không có giá trước,Không có giá sau
Goby home in Rivergate Luxury Apartment,"Room 151-155, Đ. Ben V, V N Don, Ward 6, RiverGate Apartment Saigon, Quận 4, Hồ Chí Minh, Việt Nam, 700000","7,9",243,9.0,8.5,Không có,8.8,8.8,1,0,1,1,1,0,0,1,1,3.396.720,771.607
Masteri Centre Point -Vinhome Q9,"Quận 9, Hồ Chí Minh, Việt Nam",Không có điểm đánh giá,Không có số nhận xét,Không có,Không có,Không có,Không có,Không có,1,0,0,1,0,1,0,0,1,1.074.956,1.041.740
Masteri Center Point-Vinhome Q9,"Quận 9, Hồ Chí Minh, Việt Nam",Không có điểm đánh giá,Không có số nhận xét,Không có,Không có,Không có,Không có,Không có,1,0,0,1,0,1,0,0,1,Không có giá trước,971.664
Vinhomes Grand Park Q9 - Homestay Adora (Vinhomes Grand Park Q9 - Homestay Adora - B22),"Quận 9, Hồ Chí Minh, Việt Nam",Không có điểm đánh giá,Không có số nhận xét,Không có,Không có,Không có,Không có,Không có,1,0,0,1,0,1,0,0,1,1.074.956,1.041.740
"Căn hộ 70 m² 2 phòng ngủ, 2 phòng tắm riêng ở Quận 7 (River Infinity Pool Apt Panorama District 7)","Quận 7, Hồ Chí Minh, Việt Nam",Không có điểm đánh giá,Không có số nhận xét,Không có,Không có,Không có,Không có,Không có,1,0,0,1,0,1,0,0,0,2.621.282,1.930.730
Homestay Adora - Vinhome GP - Q9,"Quận 9, Hồ Chí Minh, Việt Nam",Không có điểm đánh giá,Không có số nhận xét,Không có,Không có,Không có,Không có,Không có,1,0,0,1,0,1,0,0,1,1.432.980,1.405.381
Homestay Adora - Vinhome GP - Q9,"Quận 9, Hồ Chí Minh, Việt Nam",Không có điểm đánh giá,Không có số nhận xét,Không có,Không có,Không có,Không có,Không có,1,0,0,1,0,0,0,0,1,1.504.409,1.475.434
Zeus Living - Sunwah Pearl 2 Bedroom Glorious,"90 Nguyễn Hữu Cảnh, Bình Thạnh, Hồ Chí Minh, Việt Nam","8,9",21,9.3,8.6,8.8,8.9,8.6,1,0,1,0,0,0,1,1,1,1.624.913,1.620.370
Homestay Adora - Vinhome GP - Q9,"Quận 9, Hồ Chí Minh, Việt Nam",Không có điểm đánh giá,Không có số nhận xét,Không có,Không có,Không có,Không có,Không có,1,0,0,1,0,1,0,0,1,Không có giá trước,897.153
Dream Nice Vinhomes Lanmark 81,"No. 208, Nguyen Huu Canh, Vinhomes Tan Cang, Bình Thạnh, Hồ Chí Minh, Việt Nam, 72324","8,3",87,8.9,8.0,8.3,8.3,8.0,0,0,0,0,0,0,1,1,0,Không có giá trước,Không có giá sau
Homestay Adora - Vinhome GP - Q9,"Quận 9, Hồ Chí Minh, Việt Nam",Không có điểm đánh giá,Không có số nhận xét,Không có,Không có,Không có,Không có,Không có,1,0,0,1,0,1,0,0,1,931.217,897.153
Homestay Adora - Vinhome GP - Q9,"Quận 9, Hồ Chí Minh, Việt Nam",Không có điểm đánh giá,Không có số nhận xét,Không có,Không có,Không có,Không có,Không có,1,0,0,1,0,0,0,0,1,Không có giá trước,897.153
Homestay Adora - Vinhome GP - Q9,"Quận 9, Hồ Chí Minh, Việt Nam",Không có điểm đánh giá,Không có số nhận xét,Không có,Không có,Không có,Không có,Không có,1,0,0,1,0,0,0,0,1,931.217,897.153
"Căn hộ 70 m² 2 phòng ngủ, 2 phòng tắm riêng ở Quận 7 (Apt Bedroom Beauty near SECC)","Quận 7, Hồ Chí Minh, Việt Nam",Không có điểm đánh giá,Không có số nhận xét,Không có,Không có,Không có,Không có,Không có,1,0,0,1,0,1,0,0,0,2.621.282,1.930.730
Sky homes Block A,"Tân Bình, Hồ Chí Minh, Việt Nam","8,4",19,9.6,8.8,9.6,9.2,9.6,0,0,0,0,0,1,0,0,0,Không có giá trước,601.852
Vinhomes Grand Park - Homestay Adora,"Quận 9, Hồ Chí Minh, Việt Nam",Không có điểm đánh giá,Không có số nhận xét,Không có,Không có,Không có,Không có,Không có,1,0,0,1,0,0,0,0,1,644.621,614.188
M Village Living Nguyễn Văn Hưởng (M Village Living Nguyen Van Huong),"120 Nguyễn Văn Hưởng, Phường Thảo Điền, Quận 2, Quận 2, Hồ Chí Minh, Việt Nam","8,5",77,8.8,8.7,8.6,8.8,8.5,1,0,0,0,1,0,0,1,0,Không có giá trước,1.213.333
Homestay Adora - Vinhome GP - Q9,"Quận 9, Hồ Chí Minh, Việt Nam",Không có điểm đánh giá,Không có số nhận xét,Không có,Không có,Không có,Không có,Không có,1,0,0,1,0,1,0,0,1,788.359,760.002
Đại Nam SG Hotel (Đai Nam SG Hotel),"5 Đường Nguyễn Siêu, Quận 1, Hồ Chí Minh, Việt Nam","8,4",229,9.2,8.4,8.6,7.8,8.1,0,0,0,0,0,0,1,1,1,Không có giá trước,815.370
Nicecy Hotel Bui Vien Walking Street,"7 Đường Yersin, Quận 1, Hồ Chí Minh, Việt Nam, 700000","8,4",518,7.8,7.9,7.4,6.8,7.3,1,0,0,0,1,1,0,1,1,Không có giá trước,Không có giá sau
Homestay Adora - Vinhome GP - Q9,"Quận 9, Hồ Chí Minh, Việt Nam",Không có điểm đánh giá,Không có số nhận xét,Không có,Không có,Không có,Không có,Không có,1,0,0,1,0,1,0,0,1,Không có giá trước,Không có giá sau
Genius Saigon - Masteri Thao Dien Free Gym&Pool,"159 Đ. Võ Nguyên Giáp, Thảo Điền, Quận 2, Hồ Chí Minh, Việt Nam, 700000",Không có điểm đánh giá,Không có số nhận xét,Không có,Không có,Không có,Không có,Không có,1,0,0,0,0,0,1,1,1,2.674.032,1.371.237
Homestay Adora - Vinhome GP - Q9,"Quận 9, Hồ Chí Minh, Việt Nam",Không có điểm đánh giá,Không có số nhận xét,Không có,Không có,Không có,Không có,Không có,1,0,0,1,0,1,0,0,1,1.504.409,1.475.434
Nhà SaiGon Homestay&Coffee,"Room, 12 Nguyen Cong Tru, Ward 19, Nhà Saigon Homestay, Nhà SaiGon Homestay, Bình Thạnh, Hồ Chí Minh, Việt Nam, 70000","7,5",26,8.1,7.9,6.8,6.9,6.3,1,0,0,0,0,0,1,1,1,1.455.026,337.566
"Nhà riêng 28 m² 1 phòng ngủ, 1 phòng tắm riêng ở Tân Bình (Twosix Apartment | Near Airport | 24/7 Security )","Tân Bình, Hồ Chí Minh, Việt Nam",Không có điểm đánh giá,Không có số nhận xét,Không có,Không có,Không có,Không có,Không có,1,0,0,1,0,0,0,0,0,1.163.695,644.070
"Nhà riêng 20 m² 1 phòng ngủ, 1 phòng tắm riêng ở Tân Bình (Twosix Apartment | 5 Min to Airport | Smart Lock)","Tân Bình, Hồ Chí Minh, Việt Nam",Không có điểm đánh giá,Không có số nhận xét,Không có,Không có,Không có,Không có,Không có,1,0,0,1,0,0,0,0,0,Không có giá trước,653.181
"Nhà riêng 28 m² 1 phòng ngủ, 1 phòng tắm riêng ở Tân Bình (Twosix Apartment | Private & Cozy | Near Airport)","Tân Bình, Hồ Chí Minh, Việt Nam",Không có điểm đánh giá,Không có số nhận xét,Không có,Không có,Không có,Không có,Không có,1,0,0,1,0,0,0,0,0,1.163.695,644.070
LOUIS HOUSE Flat,"Quận 3, Hồ Chí Minh, Việt Nam",Không có điểm đánh giá,Không có số nhận xét,Không có,Không có,Không có,Không có,Không có,1,0,0,1,0,0,0,0,1,551.012,535.288
"Resort ori , S10 03 luxury Vinhomes Grand pard","Quận 9, Hồ Chí Minh, Việt Nam","8,0",1,Không có,Không có,Không có,Không có,Không có,1,0,0,1,0,1,0,0,1,Không có giá trước,1.617.647
Valentine Boutique hotel - 25 Bui Vien street,"25 Bùi Viện , Quận 1, Hồ Chí Minh, Việt Nam, 700000","7,5",443,8.5,7.5,7.1,Không có,7.2,1,0,0,0,1,0,1,1,0,1.099.862,311.680
Hotel Hoa Phượng,"58 TA19A, Quận 12, Hồ Chí Minh, Việt Nam, 71514","9,4",5,9.0,10.0,10.0,9.0,10.0,0,0,0,0,0,0,1,1,1,370.000,310.571
"Căn hộ 82 m² 1 phòng ngủ, 2 phòng tắm riêng ở Quận 6 (Luxury 3 Bedroom Asiana Capella)","Quận 6, Hồ Chí Minh, Việt Nam","8,5",3,8.0,9.0,9.0,9.0,9.0,1,0,0,1,0,0,0,0,0,Không có giá trước,1.209.914
Dao Gia 2 Hotel & Apartment,"No. 30, Hưng Phước 1 Area, Tân Phong, Vietnam, Quận 7, Hồ Chí Minh, Việt Nam","9,8",29,9.9,9.8,10.0,9.7,9.8,1,0,0,0,0,1,0,1,1,518.345,354.232
Sunrise City- 3 Bedroom-Sunrise City View Apartment (Sunrise City- 3 Bedroom-Sunrise CityView Apartment),"Quận 7, Hồ Chí Minh, Việt Nam","9,6",2,10.0,9.0,10.0,9.0,10.0,1,0,0,1,0,1,0,0,1,Không có giá trước,2.552.946
"Căn hộ 97 m² 2 phòng ngủ, 2 phòng tắm riêng ở Tân Phú (Nhà Hải - Căn Hộ Celadon City 2PN-2WC gần Sân Bay)","Tân Phú, Hồ Chí Minh, Việt Nam",10,3,10.0,9.3,10.0,Không có,10.0,1,0,0,1,0,1,0,0,0,Không có giá trước,1.643.534
"Căn hộ 70 m² 2 phòng ngủ, 2 phòng tắm riêng ở Quận 7 (Apartment Rooftop Lovely Sky89 Free Poo 2BR)","Quận 7, Hồ Chí Minh, Việt Nam",Không có điểm đánh giá,Không có số nhận xét,Không có,Không có,Không có,Không có,Không có,1,0,0,1,0,1,0,0,0,2.621.282,1.930.730
"Căn hộ 68 m² 1 phòng ngủ, 2 phòng tắm riêng ở Quận 2 (Cozy Masteri Thao Dien Tower 5 bathed in sunlight )","Quận 2, Hồ Chí Minh, Việt Nam",Không có điểm đánh giá,Không có số nhận xét,Không có,Không có,Không có,Không có,Không có,1,0,0,1,0,1,0,0,1,Không có giá trước,1.104.613
"Căn hộ m² 1 phòng ngủ, 1 phòng tắm riêng ở Tân Bình (Republic Plaza apartment, free gym near airport)","Tân Bình, Hồ Chí Minh, Việt Nam",Không có điểm đánh giá,Không có số nhận xét,Không có,Không có,Không có,Không có,Không có,1,0,0,1,0,1,0,0,1,1.656.407,1.444.724
Khách Sạn Trung Tâm Hà Nội Sài Gòn (Saigon Hanoi Central Hotel),"19 Truong Dinh, Ben Thanh Ward, Quận 1, Hồ Chí Minh, Việt Nam, 700000","8,0",682,8.9,8.3,7.9,7.4,7.9,0,1,0,0,1,0,1,1,1,Không có giá trước,Không có giá sau
Cat Hotel Bến Thành,"No. 47, Nguyen Trai Street, Quận 1, Hồ Chí Minh, Việt Nam","6,1",19,7.3,6.8,5.9,5.7,6.0,0,0,0,0,0,0,1,1,1,Không có giá trước,Không có giá sau
Vinhomes Central Park-Căn hộ cao cấp (Vinhomes Central Park-Luxury Arpartment),"208 NGUYEN HUU CANH WARD 22 DISTRICT BINH THANH, Bình Thạnh, Hồ Chí Minh, Việt Nam","8,3",567,8.2,7.4,8.0,8.0,7.6,1,1,1,1,1,1,1,1,0,Không có giá trước,Không có giá sau
"Chung cư 124 m² 2 phòng ngủ, 2 phòng tắm riêng ở Quận 7 (Sunrise city SP HOME 3 room)","Quận 7, Hồ Chí Minh, Việt Nam",10,2,10.0,10.0,10.0,Không có,10.0,1,0,0,1,0,1,0,1,1,Không có giá trước,Không có giá sau
Apartment - Near TSN Airport - 2Br 2WC - Luxury,"Tân Bình, Hồ Chí Minh, Việt Nam","9,0",10,9.5,9.7,8.4,8.1,9.4,1,0,0,1,0,1,0,1,0,Không có giá trước,Không có giá sau
The Peak Midtown Twobedroom With Balcony,"16 Đường Nguyễn Văn Linh MIDTOWN PHÚ MỸ HƯNG, Quận 7, Hồ Chí Minh, Việt Nam",Không có điểm đánh giá,Không có số nhận xét,Không có,Không có,Không có,Không có,Không có,1,0,0,1,0,0,0,1,1,Không có giá trước,Không có giá sau
Hana Home Service Apartment,"121/38 Đ. Lê Thị Riêng, Phường Phạm Ngũ Lão, Quận 1, Hồ Chí Minh, Việt Nam, 700000",Không có điểm đánh giá,Không có số nhận xét,Không có,Không có,Không có,Không có,Không có,1,0,0,0,0,0,1,1,0,Không có giá trước,Không có giá sau
December Homestay studio ban công (December Homestay studio ban cong),"157 Nguyễn Duy Cung, Gò Vấp, Hồ Chí Minh, Việt Nam",10,1,7.5,7.5,7.5,10.0,7.5,1,0,0,1,0,0,0,1,1,Không có giá trước,Không có giá sau
CALIFORNIA HOTEL,"45 Đường Nhà Vuông , Trung chánh , Hóc Mon, Quận 12, Hồ Chí Minh, Việt Nam","7,4",191,6.6,6.1,6.2,5.9,5.8,0,0,0,0,0,0,1,1,1,Không có giá trước,Không có giá sau
Khách sạn Hoàng Anh Star (Hoang Anh Star Hotel),"31/3B Song Hành, Quốc lộ 22, Phường Trung Mỹ Tây, Quận 12, Quận 12, Hồ Chí Minh, Việt Nam, 70000","7,3",54,7.1,7.4,7.5,6.5,7.4,1,0,0,0,0,0,1,1,1,Không có giá trước,Không có giá sau
Nhà dân Sky house (Sky house homstay),"147/A12 De Tham street, Co Giang Ward, Dist 1, Quận 1, Hồ Chí Minh, Việt Nam","8,4",128,8.0,7.9,7.4,7.0,7.0,0,0,0,0,0,0,0,1,0,Không có giá trước,Không có giá sau
"Căn hộ 35 m² 1 phòng ngủ, 1 phòng tắm riêng ở Quận 9 (The luxury Stay- Italian interior design )","Quận 9, Hồ Chí Minh, Việt Nam",Không có điểm đánh giá,Không có số nhận xét,Không có,Không có,Không có,Không có,Không có,1,0,0,1,0,1,0,1,0,Không có giá trước,Không có giá sau
Classic Luxury condo & Swiming Rooftop Pool,"Bình Thạnh, Hồ Chí Minh, Việt Nam",Không có điểm đánh giá,Không có số nhận xét,Không có,Không có,Không có,Không có,Không có,1,0,0,1,0,0,0,0,1,Không có giá trước,Không có giá sau
"Căn hộ 54 m² 1 phòng ngủ, 1 phòng tắm riêng ở Bình Thạnh (1 Bedroom Apartment - Nice View)","Bình Thạnh, Hồ Chí Minh, Việt Nam","5,2",2,2.0,2.0,2.0,2.0,2.0,1,0,0,1,0,1,0,1,1,1.624.104,1.312.656
MEOW HOTEL & CAFÉ 2,"241/6 Đ. Phạm Ngũ Lão, Phường Phạm Ngũ Lão, Quận 1, Hồ Chí Minh, Việt Nam, 700000","6,9",3,6.0,9.0,6.0,5.0,5.0,0,0,0,0,1,0,1,1,1,Không có giá trước,410.326
Dict7SunshineSkyCity,"Quận 7, Hồ Chí Minh, Việt Nam",Không có điểm đánh giá,Không có số nhận xét,Không có,Không có,Không có,Không có,Không có,1,0,0,1,0,0,0,1,0,2.085.929,1.620.370
"Căn hộ 55 m² 1 phòng ngủ, 1 phòng tắm riêng ở Quận 9 (Hera House - BS8A - Beverly Solari - The Tropical)","Quận 9, Hồ Chí Minh, Việt Nam",10,9,10.0,10.0,10.0,10.0,10.0,1,0,0,1,0,0,0,0,1,1.812.054,730.939
501 Cozy & Quiet 1BR Oasis in Saigon,"Bình Thạnh, Hồ Chí Minh, Việt Nam","8,6",1,7.5,10.0,10.0,7.5,7.5,1,0,0,1,0,0,0,1,0,Không có giá trước,574.074
"Căn hộ 75 m² 2 phòng ngủ, 2 phòng tắm riêng ở Quận 9 (Vinhome Vietnam Masteri Centre Point Apartment)","Quận 9, Hồ Chí Minh, Việt Nam",10,3,10.0,10.0,10.0,10.0,10.0,1,0,0,1,0,1,0,0,1,1.200.000,1.014.921
"800 m² 14 phòng ngủ, 11 phòng tắm riêng ở Quận 2 (KN HOLIDAY HOME IN GLOBAL CITY. 2 HOMES)","Đỗ Xuân Hợp, An Phú, The Global City, Quận 2, Hồ Chí Minh, Việt Nam, 7000",Không có điểm đánh giá,Không có số nhận xét,Không có,Không có,Không có,Không có,Không có,1,0,0,1,0,0,0,1,0,15.000.000,10.391.005
Khách sạn Minh Hà (Minh Ha Hotel.),"24-26 Duong 30, Binh Tri Dong B Ward, Binh Tan District, Ho Chi Minh City, Vietnam, Bình Tân, Hồ Chí Minh, Việt Nam, 763755","7,2",20,8.2,7.8,7.3,6.2,6.9,1,0,0,0,0,0,1,1,1,Không có giá trước,Không có giá sau
"Nhà riêng 300 m² 6 phòng ngủ, 5 phòng tắm riêng ở Quận 4 (The Nest)","Quận 4, Hồ Chí Minh, Việt Nam","9,2",124,9.7,9.1,8.3,9.1,7.7,1,0,0,1,0,0,0,0,0,4.867.879,2.478.515
"Căn hộ 65 m² 2 phòng ngủ, 2 phòng tắm riêng ở Bình Thạnh (landmark 2br vinhomes central park)","Bình Thạnh, Hồ Chí Minh, Việt Nam",Không có điểm đánh giá,Không có số nhận xét,Không có,Không có,Không có,Không có,Không có,1,0,0,0,0,0,0,0,0,Không có giá trước,1.539.471
"Căn hộ 63 m² 1 phòng ngủ, 1 phòng tắm riêng ở Quận 9 (A cozy apartment in District 9)","Quận 9, Hồ Chí Minh, Việt Nam",Không có điểm đánh giá,Không có số nhận xét,Không có,Không có,Không có,Không có,Không có,1,0,0,1,0,1,0,0,0,676.073,637.111
"Căn hộ 33 m² 1 phòng ngủ, 1 phòng tắm riêng ở Quận 4 (Ciao Saigon apartments - Infinity POOL )","Quận 4, Hồ Chí Minh, Việt Nam",10,1,10.0,10.0,10.0,10.0,10.0,1,0,0,1,0,1,0,0,1,Không có giá trước,1.295.172
"Căn hộ 20 m² 1 phòng ngủ, 1 phòng tắm riêng ở Phú Nhuận (Căn hộ Riverside House)","1222 Trường Sa, Riverside House, Phú Nhuận, Hồ Chí Minh, Việt Nam, 70000","6,6",18,7.3,7.3,7.3,7.3,7.5,1,0,0,1,0,0,0,1,1,712.979,529.175
Căn hộ studio 40 m² có 1 phòng tắm riêng ở Quận 4 (Saigon CBD Luxury Apartment with pool & gym),"Quận 4, Hồ Chí Minh, Việt Nam",Không có điểm đánh giá,Không có số nhận xét,Không có,Không có,Không có,Không có,Không có,1,0,0,1,0,1,0,0,1,Không có giá trước,1.235.688
"Căn hộ 115 m² 3 phòng ngủ, 2 phòng tắm riêng ở Bình Thạnh (Aparment 3 Bebroom with nice view)","Bình Thạnh, Hồ Chí Minh, Việt Nam",Không có điểm đánh giá,Không có số nhận xét,Không có,Không có,Không có,Không có,Không có,1,0,0,0,0,0,0,0,0,1.940.035,1.902.360
TeeUp Home - Free Gym & Pool & Netflix 1,"Quận 4, Hồ Chí Minh, Việt Nam","8,4",212,8.4,8.5,8.5,8.4,8.5,1,0,0,1,0,1,0,0,0,Không có giá trước,949.788
"Căn hộ 80 m² 1 phòng ngủ, 2 phòng tắm riêng ở Quận 1 (Luxstay Penthouse gym, pool, bathtub @Ben Thanh196)","Quận 1, Hồ Chí Minh, Việt Nam",10,3,10.0,10.0,9.3,Không có,10.0,1,0,0,1,0,1,0,0,0,2.204.585,2.167.041
Khách Sạn Sài Gòn 1979 (Saigon 1979 Hotel),"190 Cống Quỳnh, Quận 1, Hồ Chí Minh, Việt Nam, 700000","8,1",577,8.7,8.3,7.9,7.4,7.3,1,1,0,0,0,0,1,1,0,Không có giá trước,Không có giá sau
"Căn hộ 60 m² 2 phòng ngủ, 1 phòng tắm riêng ở Quận 1 (Dừng chân tại căn hộ 2 phòng ngủ Quận 1)","Quận 1, Hồ Chí Minh, Việt Nam","9,8",2,9.0,10.0,10.0,10.0,10.0,1,0,0,1,0,0,0,0,0,Không có giá trước,2.420.272
An Corner - Terra Royal 2 Bedrooms Nice View,"278 Đường Nam Kỳ Khởi Nghĩa, Quận 3, Hồ Chí Minh, Việt Nam","9,7",16,9.6,10.0,9.9,9.9,10.0,1,0,0,0,0,0,0,1,1,Không có giá trước,2.597.222
"Căn hộ 88 m² 2 phòng ngủ, 2 phòng tắm riêng ở Phước Kiển (Luxury CoCo apartment 2 bedrooms)","Phước Kiển, Hồ Chí Minh, Việt Nam",Không có điểm đánh giá,Không có số nhận xét,Không có,Không có,Không có,Không có,Không có,1,0,0,1,0,1,0,1,1,3.372.397,2.220.694
Apartment in Metropole Thu Thiem by Yen,"No. 20, Nguyen Thien Thanh, Thu Thiem, Thu Duc City, Ho Chi Minh, Vietnam, Quận 2, Hồ Chí Minh, Việt Nam, 70000","7,4",13,8.9,8.4,7.8,7.1,8.7,1,0,0,1,0,0,0,1,0,3.000.000,1.985.111
Nhà riêng studio 45 m² có 1 phòng tắm riêng ở Quận 1 (Good 1 bedroom aparthotel in district 1 LyTuTrong),"Quận 1, Hồ Chí Minh, Việt Nam",Không có điểm đánh giá,Không có số nhận xét,Không có,Không có,Không có,Không có,Không có,0,0,0,1,0,0,0,0,1,1.525.501,1.395.801
"Căn hộ 47 m² 1 phòng ngủ, 1 phòng tắm riêng ở Quận 3 (Full House 6)","Quận 3, Hồ Chí Minh, Việt Nam",Không có điểm đánh giá,Không có số nhận xét,Không có,Không có,Không có,Không có,Không có,1,0,0,0,0,0,0,0,0,1.017.901,612.678
"Minh Phương HBC Hotel - 3 Số 3, Hiệp Bình Chánh - by Bay Luxury (Minh Phuong HBC Hotel - 3 So 3, Hiep Binh Chanh - by Bay Luxury)","Thủ Đức, Hồ Chí Minh, Việt Nam","7,1",4,7.5,8.3,7.5,6.7,7.5,0,0,0,0,0,0,0,0,0,440.680,354.213
"Nhà riêng 28 m² 1 phòng ngủ, 1 phòng tắm riêng ở Phú Nhuận (Discount Phu Nhuan Central Apartment 403)","Phú Nhuận, Hồ Chí Minh, Việt Nam",Không có điểm đánh giá,Không có số nhận xét,Không có,Không có,Không có,Không có,Không có,1,0,0,1,0,0,0,0,1,Không có giá trước,521.434
"Căn hộ 52 m² 1 phòng ngủ, 1 phòng tắm riêng ở Bình Thạnh (Landmark Plus Vinhome Central Park)","Bình Thạnh, Hồ Chí Minh, Việt Nam",Không có điểm đánh giá,Không có số nhận xét,Không có,Không có,Không có,Không có,Không có,1,0,0,1,0,1,0,0,0,3.689.583,2.316.546
Justay Tresor Bach Dang River,"39 Bến Vân Đồn, Tresor Building - AP2 lobby, Quận 4, Hồ Chí Minh, Việt Nam, 700000","8,0",59,8.7,8.0,8.3,8.2,8.0,1,0,0,1,1,1,1,1,1,6.074.267,3.287.667
J&K Hotel,"150/27 Bến Vân Đồn P6, Quận 4, Hồ Chí Minh, Việt Nam, 800000","6,5",120,6.6,6.4,6.1,5.5,5.4,1,0,0,0,0,1,1,1,0,Không có giá trước,351.852
"Căn hộ 60 m² 1 phòng ngủ, 1 phòng tắm riêng ở Quận 3 (Terra Royal Central Apartment)","Quận 3, Hồ Chí Minh, Việt Nam",Không có điểm đánh giá,Không có số nhận xét,Không có,Không có,Không có,Không có,Không có,1,0,0,1,0,1,0,0,1,3.484.052,2.839.052
New Pearl Hotel,"18 Đại Hải 1, Xuân Thới Thượng, Hóc Môn, Hồ Chí Minh, Việt Nam","7,6",1,7.5,7.5,7.5,7.5,7.5,0,0,0,0,0,0,1,1,1,1.769.551,466.035
"Biệt thự 40 m² 5 phòng ngủ, 4 phòng tắm riêng ở Quận 7 (Villa A71)","Quận 7, Hồ Chí Minh, Việt Nam",Không có điểm đánh giá,Không có số nhận xét,Không có,Không có,Không có,Không có,Không có,1,0,0,1,0,0,0,0,0,Không có giá trước,13.833.651
Sunny Tranquil Oasis,"63 Nguyễn Ngọc Phương, Bình Thạnh, Hồ Chí Minh, Việt Nam",Không có điểm đánh giá,Không có số nhận xét,Không có,Không có,Không có,Không có,Không có,0,0,0,1,0,0,1,1,1,Không có giá trước,662.037
"Căn hộ 38 m² 1 phòng ngủ, 1 phòng tắm riêng ở Bình Thạnh (SweetHome Budding The MANO2 LUXURY (HIGHR POOL ))","Bình Thạnh, Hồ Chí Minh, Việt Nam","9,4",10,10.0,10.0,10.0,10.0,10.0,1,0,0,1,0,0,0,0,0,883.135,790.034
"Chung cư 30 m² 1 phòng ngủ, 1 phòng tắm riêng ở Quận 3 (Enchanting studio in HCMC No.2)","Quận 3, Hồ Chí Minh, Việt Nam","8,4",2,8.0,9.0,8.0,8.0,9.0,0,0,0,1,0,0,0,0,0,1.243.469,670.631
Thanh An Hotel,"89-91 Đường HT45, Phường Hiệp Thành, Quận 12, TP. Hồ Chí Minh, Quận 12, Hồ Chí Minh, Việt Nam, 70000","7,1",39,6.1,7.7,7.7,6.6,7.2,1,0,0,0,1,0,1,1,1,Không có giá trước,376.984
"Luna Homestay Bui Vien Street, District 1","No. 30, Trần Hưng Đạo St, Phường Phạm Ngũ Lão, District 1, Ho Chi Minh City, Vietnam, Quận 1, Hồ Chí Minh, Việt Nam, 71012","8,4",20,6.0,4.0,2.0,2.0,2.0,1,0,0,1,0,1,1,1,1,Không có giá trước,Không có giá sau
"Căn hộ m² 1 phòng ngủ, 1 phòng tắm riêng ở Quận 9 (Win House)","Quận 9, Hồ Chí Minh, Việt Nam",Không có điểm đánh giá,Không có số nhận xét,Không có,Không có,Không có,Không có,Không có,1,0,0,0,0,0,0,0,0,800.000,671.668
S79 Saigon Hotel Bui Vien,"40/13-15 Đường Bùi Viện, Ben Thanh Market, Quận 1, Hồ Chí Minh, Việt Nam",Không có điểm đánh giá,Không có số nhận xét,Không có,Không có,Không có,Không có,Không có,0,0,0,0,1,0,1,1,1,1.367.839,1.023.124
Sunshine Apartments,"9/11 đường 64, phường Thảo Điền, Th nh phố Thủ Đức, Th nh phố Hồ Ch Minh, Quận 2, Hồ Chí Minh, Việt Nam, 700000","8,0",4,8.0,8.0,8.0,8.0,8.0,1,0,0,0,0,0,1,1,1,938.973,555.428
Cỏ Homestay Nguyen Trai (Co Homestay Nguyen Trai),"7/14 Nguyễn Trãi, Quận 1, Hồ Chí Minh, Việt Nam","7,2",42,8.9,7.9,7.0,7.3,7.2,1,0,0,0,0,0,0,1,1,Không có giá trước,483.796
"Nhà riêng 100 m² 3 phòng ngủ, 2 phòng tắm riêng ở Quận 1 (The Rixx Terrific Apartment@D1/pool/gym/sauna/kids)","Quận 1, Hồ Chí Minh, Việt Nam","8,6",2,8.0,10.0,8.0,8.0,10.0,1,0,0,1,0,1,0,1,1,5.557.428,2.556.511
The Passion Lux Airport Hotel Apartment,"3 Đ. Cộng H a, Tân Bình, Hồ Chí Minh, Việt Nam, 700000","8,5",21,5.5,4.0,3.5,Không có,2.5,1,1,0,0,1,1,1,1,1,1.000.000,261.298
"Căn hộ 60 m² 1 phòng ngủ, 1 phòng tắm riêng ở Quận 2 (River View Residence - Masteri Thao Dien)","42 Song H&#224;nh, Quận 2, Hồ Chí Minh, Việt Nam, 700000",Không có điểm đánh giá,Không có số nhận xét,Không có,Không có,Không có,Không có,Không có,1,0,0,1,1,1,0,1,0,2.633.562,1.988.346
"Chung cư 78 m² 2 phòng ngủ, 2 phòng tắm riêng ở Quận 4 (SAIGON 9- RiverGate 2BRS 3mins Central pool/gym)","Quận 4, Hồ Chí Minh, Việt Nam","9,0",2,9.0,9.0,9.0,9.0,9.0,1,0,0,1,0,1,0,0,0,2.252.597,2.210.045
"Nhà mặt đất 36 m² 1 phòng ngủ, 1 phòng tắm riêng ở Bình Thạnh (OFF 20% M-H Apartment with cozy style )","Bình Thạnh, Hồ Chí Minh, Việt Nam",Không có điểm đánh giá,Không có số nhận xét,Không có,Không có,Không có,Không có,Không có,1,0,0,1,0,0,0,0,0,5.779.021,2.934.339
Khách sạn Phú An (Phu An Hotel),"16-18 Lê Đức Thọ, Phường 7, Gò Vấp, Hồ Chí Minh, Việt Nam, 70000","6,5",58,6.5,7.2,6.6,6.5,6.6,0,1,0,1,1,0,1,1,1,Không có giá trước,Không có giá sau
The Manor 2 Luxury Apartment - Free rooftop pool (The Manor 2 Luxury Apartment Free roof top pool),"Unit 2106, The Manor Apartment, 91 Nguyen Huu Canh Street, Binh Thanh District, Bình Thạnh, Hồ Chí Minh, Việt Nam","8,0",131,7.3,7.3,7.3,7.3,7.3,0,0,1,0,1,1,0,1,0,Không có giá trước,905.556
"Căn hộ 75 m² 2 phòng ngủ, 2 phòng tắm riêng ở Phú Nhuận (Luxury Apartment in Tan Son Nhat Airport Area)","Tân Bình, Hồ Chí Minh, Việt Nam",Không có điểm đánh giá,Không có số nhận xét,Không có,Không có,Không có,Không có,Không có,1,0,0,1,0,1,0,0,0,Không có giá trước,1.415.610
"Căn hộ 70 m² 2 phòng ngủ, 2 phòng tắm riêng ở Quận 7 (Apartment Rooftop Lovely Sky89 Free Poo 2BR)","Quận 7, Hồ Chí Minh, Việt Nam",Không có điểm đánh giá,Không có số nhận xét,Không có,Không có,Không có,Không có,Không có,1,0,0,1,0,1,0,0,0,2.621.282,1.930.730
Melody Viet Hotel,"25/22 Cửu Long, P. 2, Q. Tân Bình, TP. HCM, Tân Bình, Hồ Chí Minh, Việt Nam, 70000","7,1",137,7.7,7.5,7.3,6.3,6.6,1,0,0,0,0,0,1,1,1,Không có giá trước,438.414
"Căn hộ 68 m² 1 phòng ngủ, 2 phòng tắm riêng ở Quận 2 (Cozy Masteri Thao Dien Tower 5 bathed in sunlight )","Quận 2, Hồ Chí Minh, Việt Nam",Không có điểm đánh giá,Không có số nhận xét,Không có,Không có,Không có,Không có,Không có,1,0,0,1,0,1,0,0,1,Không có giá trước,1.104.613
"Căn hộ m² 1 phòng ngủ, 1 phòng tắm riêng ở Tân Bình (Republic Plaza apartment, free gym near airport)","Tân Bình, Hồ Chí Minh, Việt Nam",Không có điểm đánh giá,Không có số nhận xét,Không có,Không có,Không có,Không có,Không có,1,0,0,1,0,1,0,0,1,1.656.407,1.444.724
Cat Hotel Bến Thành,"No. 47, Nguyen Trai Street, Quận 1, Hồ Chí Minh, Việt Nam","6,1",19,7.3,6.8,5.9,5.7,6.0,0,0,0,0,0,0,1,1,1,1.000.000,383.468
Vinhomes Central Park-Căn hộ cao cấp (Vinhomes Central Park-Luxury Arpartment),"208 NGUYEN HUU CANH WARD 22 DISTRICT BINH THANH, Bình Thạnh, Hồ Chí Minh, Việt Nam","8,3",567,8.2,7.4,8.0,8.0,7.6,1,1,1,1,1,1,1,1,0,Không có giá trước,1.538.462
"Chung cư 124 m² 2 phòng ngủ, 2 phòng tắm riêng ở Quận 7 (Sunrise city SP HOME 3 room)","Quận 7, Hồ Chí Minh, Việt Nam",10,2,10.0,10.0,10.0,Không có,10.0,1,0,0,1,0,1,0,1,1,2.449.539,2.407.260
Cozy Inn Ho Chi Minh,"51 Cô Giang, Quận 1, Hồ Chí Minh, Việt Nam, 700000",10,1,8.7,8.6,8.4,7.5,8.3,0,0,0,0,1,0,0,1,0,Không có giá trước,Không có giá sau
Apartment - Near TSN Airport - 2Br 2WC - Luxury,"Tân Bình, Hồ Chí Minh, Việt Nam","9,0",10,9.5,9.7,8.4,8.1,9.4,1,0,0,1,0,1,0,1,0,1.189.425,1.018.519
The Peak Midtown Twobedroom With Balcony,"16 Đường Nguyễn Văn Linh MIDTOWN PHÚ MỸ HƯNG, Quận 7, Hồ Chí Minh, Việt Nam",Không có điểm đánh giá,Không có số nhận xét,Không có,Không có,Không có,Không có,Không có,1,0,0,1,0,0,0,1,1,Không có giá trước,4.500.000
Hana Home Service Apartment,"121/38 Đ. Lê Thị Riêng, Phường Phạm Ngũ Lão, Quận 1, Hồ Chí Minh, Việt Nam, 700000",Không có điểm đánh giá,Không có số nhận xét,Không có,Không có,Không có,Không có,Không có,1,0,0,0,0,0,1,1,0,725.744,404.898
December Homestay studio ban công (December Homestay studio ban cong),"157 Nguyễn Duy Cung, Gò Vấp, Hồ Chí Minh, Việt Nam",10,1,7.5,7.5,7.5,10.0,7.5,1,0,0,1,0,0,0,1,1,Không có giá trước,601.852
CALIFORNIA HOTEL,"45 Đường Nhà Vuông , Trung chánh , Hóc Mon, Quận 12, Hồ Chí Minh, Việt Nam","7,4",191,6.6,6.1,6.2,5.9,5.8,0,0,0,0,0,0,1,1,1,Không có giá trước,430.926
Khách sạn Hoàng Anh Star (Hoang Anh Star Hotel),"31/3B Song Hành, Quốc lộ 22, Phường Trung Mỹ Tây, Quận 12, Quận 12, Hồ Chí Minh, Việt Nam, 70000","7,3",54,7.1,7.4,7.5,6.5,7.4,1,0,0,0,0,0,1,1,1,Không có giá trước,333.598
"Căn hộ 35 m² 1 phòng ngủ, 1 phòng tắm riêng ở Quận 9 (The luxury Stay- Italian interior design )","Quận 9, Hồ Chí Minh, Việt Nam",Không có điểm đánh giá,Không có số nhận xét,Không có,Không có,Không có,Không có,Không có,1,0,0,1,0,1,0,1,0,900.000,503.005
Classic Luxury condo & Swiming Rooftop Pool,"Bình Thạnh, Hồ Chí Minh, Việt Nam",Không có điểm đánh giá,Không có số nhận xét,Không có,Không có,Không có,Không có,Không có,1,0,0,1,0,0,0,0,1,Không có giá trước,1.270.370
"Căn hộ 54 m² 1 phòng ngủ, 1 phòng tắm riêng ở Bình Thạnh (1 Bedroom Apartment - Nice View)","Bình Thạnh, Hồ Chí Minh, Việt Nam","5,2",2,2.0,2.0,2.0,2.0,2.0,1,0,0,1,0,1,0,1,1,1.624.104,1.312.656
Volcha Home,"8a/g9 Thái Văn Lung 8A/G9 Thái Văn Lung, Quận 1, Hồ Chí Minh, Việt Nam, 71000","9,3",3,10.0,10.0,8.3,9.2,10.0,1,0,0,0,0,0,1,1,1,Không có giá trước,Không có giá sau
MEOW HOTEL & CAFÉ 2,"241/6 Đ. Phạm Ngũ Lão, Phường Phạm Ngũ Lão, Quận 1, Hồ Chí Minh, Việt Nam, 700000","6,9",3,6.0,9.0,6.0,5.0,5.0,0,0,0,0,1,0,1,1,1,Không có giá trước,410.326
Dict7SunshineSkyCity,"Quận 7, Hồ Chí Minh, Việt Nam",Không có điểm đánh giá,Không có số nhận xét,Không có,Không có,Không có,Không có,Không có,1,0,0,1,0,0,0,1,0,2.085.929,1.620.370
"Căn hộ 55 m² 1 phòng ngủ, 1 phòng tắm riêng ở Quận 9 (Hera House - BS8A - Beverly Solari - The Tropical)","Quận 9, Hồ Chí Minh, Việt Nam",10,9,10.0,10.0,10.0,10.0,10.0,1,0,0,1,0,0,0,0,1,1.812.054,730.939
501 Cozy & Quiet 1BR Oasis in Saigon,"Bình Thạnh, Hồ Chí Minh, Việt Nam","8,6",1,7.5,10.0,10.0,7.5,7.5,1,0,0,1,0,0,0,1,0,Không có giá trước,574.074
"Căn hộ 75 m² 2 phòng ngủ, 2 phòng tắm riêng ở Quận 9 (Vinhome Vietnam Masteri Centre Point Apartment)","Quận 9, Hồ Chí Minh, Việt Nam",10,3,10.0,10.0,10.0,10.0,10.0,1,0,0,1,0,1,0,0,1,1.200.000,1.014.921
"800 m² 14 phòng ngủ, 11 phòng tắm riêng ở Quận 2 (KN HOLIDAY HOME IN GLOBAL CITY. 2 HOMES)","Đỗ Xuân Hợp, An Phú, The Global City, Quận 2, Hồ Chí Minh, Việt Nam, 7000",Không có điểm đánh giá,Không có số nhận xét,Không có,Không có,Không có,Không có,Không có,1,0,0,1,0,0,0,1,0,15.000.000,10.391.005
"Nhà riêng 300 m² 6 phòng ngủ, 5 phòng tắm riêng ở Quận 4 (The Nest)","Quận 4, Hồ Chí Minh, Việt Nam","9,2",124,9.7,9.1,8.3,9.1,7.7,1,0,0,1,0,0,0,0,0,4.867.879,2.478.515
"Căn hộ 65 m² 2 phòng ngủ, 2 phòng tắm riêng ở Bình Thạnh (landmark 2br vinhomes central park)","Bình Thạnh, Hồ Chí Minh, Việt Nam",Không có điểm đánh giá,Không có số nhận xét,Không có,Không có,Không có,Không có,Không có,1,0,0,0,0,0,0,0,0,Không có giá trước,1.539.471
"Căn hộ 63 m² 1 phòng ngủ, 1 phòng tắm riêng ở Quận 9 (A cozy apartment in District 9)","Quận 9, Hồ Chí Minh, Việt Nam",Không có điểm đánh giá,Không có số nhận xét,Không có,Không có,Không có,Không có,Không có,1,0,0,1,0,1,0,0,0,676.073,637.111
"Căn hộ 33 m² 1 phòng ngủ, 1 phòng tắm riêng ở Quận 4 (Ciao Saigon apartments - Infinity POOL )","Quận 4, Hồ Chí Minh, Việt Nam",10,1,10.0,10.0,10.0,10.0,10.0,1,0,0,1,0,1,0,0,1,Không có giá trước,1.295.172
"Căn hộ 20 m² 1 phòng ngủ, 1 phòng tắm riêng ở Phú Nhuận (Căn hộ Riverside House)","1222 Trường Sa, Riverside House, Phú Nhuận, Hồ Chí Minh, Việt Nam, 70000","6,6",18,7.3,7.3,7.3,7.3,7.5,1,0,0,1,0,0,0,1,1,712.979,529.175
Căn hộ studio 40 m² có 1 phòng tắm riêng ở Quận 4 (Saigon CBD Luxury Apartment with pool & gym),"Quận 4, Hồ Chí Minh, Việt Nam",Không có điểm đánh giá,Không có số nhận xét,Không có,Không có,Không có,Không có,Không có,1,0,0,1,0,1,0,0,1,Không có giá trước,1.235.688
"Căn hộ 115 m² 3 phòng ngủ, 2 phòng tắm riêng ở Bình Thạnh (Aparment 3 Bebroom with nice view)","Bình Thạnh, Hồ Chí Minh, Việt Nam",Không có điểm đánh giá,Không có số nhận xét,Không có,Không có,Không có,Không có,Không có,1,0,0,0,0,0,0,0,0,1.940.035,1.902.360
TeeUp Home - Free Gym & Pool & Netflix 1,"Quận 4, Hồ Chí Minh, Việt Nam","8,4",212,8.4,8.5,8.5,8.4,8.5,1,0,0,1,0,1,0,0,0,Không có giá trước,949.788
"Căn hộ 80 m² 1 phòng ngủ, 2 phòng tắm riêng ở Quận 1 (Luxstay Penthouse gym, pool, bathtub @Ben Thanh196)","Quận 1, Hồ Chí Minh, Việt Nam",10,3,10.0,10.0,9.3,Không có,10.0,1,0,0,1,0,1,0,0,0,2.204.585,2.167.041
"Nhà riêng 50 m² 1 phòng ngủ, 1 phòng tắm riêng ở Tân Bình (Elegant apartment 1BR-1BA Near the airport)","Tân Bình, Hồ Chí Minh, Việt Nam",Không có điểm đánh giá,Không có số nhận xét,Không có,Không có,Không có,Không có,Không có,1,0,0,1,0,0,0,0,0,1.569.482,974.016
An Bình Hotel (An Binh Hotel),"Hẻm B5 Võ Văn Vân, Quận 4, Hồ Chí Minh, Việt Nam","9,9",3,10.0,10.0,10.0,10.0,10.0,0,0,0,0,0,0,1,1,1,432.892,419.648
"Chung cư 40 m² 1 phòng ngủ, 1 phòng tắm riêng ở Quận 4 (HANAN 1 bedroom apartment at Saigon downtown)","Quận 4, Hồ Chí Minh, Việt Nam","9,7",63,9.0,10.0,10.0,8.0,9.0,1,0,0,1,0,1,0,0,0,1.204.998,1.006.820
Allen luxury apartment - Vinhomes central park,", Vinhomes Central Park, Phường 22, Bình Thạnh, Hồ Chí Minh, Việt Nam","8,0",1,8.0,8.0,8.0,8.0,8.0,0,0,0,0,0,0,1,1,0,Không có giá trước,Không có giá sau
"Nhà riêng 60 m² 2 phòng ngủ, 2 phòng tắm riêng ở Quận 4 (Căn hộ phong cách mạnh mẽ, bí ẩn Quận 1)","Quận 1, Hồ Chí Minh, Việt Nam",Không có điểm đánh giá,Không có số nhận xét,Không có,Không có,Không có,Không có,Không có,1,0,0,0,0,0,0,0,0,Không có giá trước,Không có giá sau
"Căn hộ 60 m² 1 phòng ngủ, 1 phòng tắm riêng ở Quận 7 (An apartment )","Quận 7, Hồ Chí Minh, Việt Nam","6,9",12,8.5,6.7,6.5,5.8,6.8,1,0,0,0,0,0,0,0,0,Không có giá trước,Không có giá sau
Koi View,"Quận 9, Hồ Chí Minh, Việt Nam",Không có điểm đánh giá,Không có số nhận xét,Không có,Không có,Không có,Không có,Không có,1,0,0,1,0,0,0,0,1,Không có giá trước,Không có giá sau
Trốn - Nguyễn Bỉnh Khiêm,"No. 6, 29, Nguyen Binh Khiem St, Da Kao, Vietnam, TRON is here., TRỐN ở đây nhé, Quận 1, Hồ Chí Minh, Việt Nam, 700000","9,5",17,9.5,9.5,9.6,9.7,9.7,0,0,0,0,0,0,0,1,0,Không có giá trước,Không có giá sau
Homestay 26 Nguyễn Văn Lạc,"26 Nguyễn Văn Lạc, Phường 19, 26 Nguyễn Văn Lạc, Bình Thạnh, Hồ Chí Minh, Việt Nam, 72323","6,6",19,6.9,7.2,6.8,5.7,5.9,1,0,0,1,0,0,0,1,1,Không có giá trước,Không có giá sau
"Mint Hotel - 22 Đỗ Quang Đẩu, Q1 - by Bay Luxury (Mint Hotel - 22 Đo Quang Đau, Q1 - by Bay Luxury)","Đỗ Quang Đẩu, Quận 1, Hồ Chí Minh, Việt Nam","7,5",3,8.3,7.5,7.5,8.3,7.5,0,0,0,0,0,1,0,1,0,Không có giá trước,Không có giá sau
"Căn hộ 32 m² 1 phòng ngủ, 1 phòng tắm riêng ở Quận 4 (DANNY’s RIVER VIEW CBD FREE POOL)","Quận 1, Hồ Chí Minh, Việt Nam","8,3",28,8.5,8.0,8.3,8.0,8.4,1,0,0,0,0,1,0,0,0,Không có giá trước,Không có giá sau
"Căn hộ 108 m² 3 phòng ngủ, 2 phòng tắm riêng ở Bình Thạnh (căn hộ dịch vụ khách sạn cao cấp 3 phòng ngủ)","Bình Thạnh, Hồ Chí Minh, Việt Nam",Không có điểm đánh giá,Không có số nhận xét,Không có,Không có,Không có,Không có,Không có,1,0,0,1,0,1,0,0,0,Không có giá trước,Không có giá sau
Căn hộ studio 25 m² có 1 phòng tắm riêng ở Quận 1 (Botanist Lab sleek studio in Tan Dinh by CIRCADIAN),"Quận 1, Hồ Chí Minh, Việt Nam","9,5",186,10.0,10.0,10.0,9.0,10.0,1,0,0,1,0,0,0,0,0,Không có giá trước,Không có giá sau
Long Home 1 - A02,"240/6A Đường Lê Thánh Tôn, Quận 1, Hồ Chí Minh, Việt Nam","8,1",7,9.7,8.0,8.2,6.8,6.5,0,0,0,1,0,0,0,1,1,Không có giá trước,Không có giá sau
"Nhà riêng 77 m² 1 phòng ngủ, 1 phòng tắm riêng ở Quận 4 (Spacious 1 bedroom with nice D7 view Sunrise)","Quận 7, Hồ Chí Minh, Việt Nam",Không có điểm đánh giá,Không có số nhận xét,Không có,Không có,Không có,Không có,Không có,1,0,0,1,0,0,0,0,0,Không có giá trước,Không có giá sau
"Căn hộ 110 m² 3 phòng ngủ, 2 phòng tắm riêng ở Quận 4 (Destiny Apartment River Gate 3Br Ben Thanh (a24oT))","Quận 4, Hồ Chí Minh, Việt Nam",Không có điểm đánh giá,Không có số nhận xét,Không có,Không có,Không có,Không có,Không có,1,0,0,1,0,1,0,0,1,Không có giá trước,Không có giá sau
"Căn hộ 65 m² 1 phòng ngủ, 1 phòng tắm riêng ở Trung tâm thành phố Buôn Ma Thuột (SERENITY SKY VILLAS - 센터 - Best Villa in HCMC)","Quận 3, Hồ Chí Minh, Việt Nam",Không có điểm đánh giá,Không có số nhận xét,Không có,Không có,Không có,Không có,Không có,1,0,0,0,0,0,0,0,0,Không có giá trước,Không có giá sau
"Nhà riêng 45 m² 1 phòng ngủ, 1 phòng tắm riêng ở Phú Nhuận (Openning-1BR 45m2 luxury-center near Q1-S11)","Bình Thạnh, Hồ Chí Minh, Việt Nam","8,0",1,8.0,8.0,8.0,Không có,10.0,1,0,0,1,0,0,0,0,0,Không có giá trước,611.835
Khải Linh Homestay (Khai Linh Homestay),"3/13 Võ Văn Tần, Quận 3, Hồ Chí Minh, Việt Nam, 01",Không có điểm đánh giá,Không có số nhận xét,Không có,Không có,Không có,Không có,Không có,0,0,0,0,0,0,0,1,1,Không có giá trước,545.455
Nguyên Thanh Hotel,"No. 2, Tran Thi Dieu, Phuong Phuoc Long B, Thu Duc City, Ho Chi Minh City, Quận 9, Hồ Chí Minh, Việt Nam","8,0",13,9.0,9.5,9.0,8.5,8.5,0,0,0,0,0,0,1,1,0,1.206.837,322.111
The Marq By Hava Group,"29b Nguyễn Đình Chiểu, Quận 1, Hồ Chí Minh, Việt Nam, 70000","9,5",1,10.0,10.0,10.0,10.0,10.0,1,0,1,1,0,1,1,1,1,Không có giá trước,5.555.556
Nhà nghỉ Thanh Hà (Thanh Ha Guest House),"241/39 Pham Ngu Lao, Dist 1, Quận 1, Hồ Chí Minh, Việt Nam","8,4",76,8.9,9.0,8.5,7.8,8.4,1,0,0,0,1,0,1,1,1,800.000,432.099
AWENASA,"40 / 2 Bau Cat 1 Street, Ward 14, Tan Binh District, Tân Bình, Hồ Chí Minh, Việt Nam, 700000",10,2,10.0,10.0,10.0,10.0,10.0,0,0,0,1,0,0,0,1,0,524.273,471.273
Long Home 2 - B01,"15 Hoàng Sa, Quận 1, Hồ Chí Minh, Việt Nam","8,8",7,8.6,7.5,7.5,6.5,7.1,0,0,0,1,0,0,0,1,1,Không có giá trước,Không có giá sau
Ngoại Ô Xanh (Ngoai O Xanh),"27 Đường 75-TML, Quận 2, Hồ Chí Minh, Việt Nam",Không có điểm đánh giá,Không có số nhận xét,Không có,Không có,Không có,Không có,Không có,0,0,0,0,0,0,0,1,1,Không có giá trước,681.818
Chung cư studio 120 m² có 2 phòng tắm riêng ở Bình Thạnh (L6.34.02),"Bình Thạnh, Hồ Chí Minh, Việt Nam",Không có điểm đánh giá,Không có số nhận xét,Không có,Không có,Không có,Không có,Không có,1,0,0,1,0,1,0,1,0,2.222.222,1.926.847
Oasis Central Residence & Hotel - SOHO - District 1,"Soho Residence Building, 100 Co Giang Street, District 1, Quận 1, Hồ Chí Minh, Việt Nam, 700000","9,1",44,9.2,9.0,9.1,8.9,8.9,1,0,0,0,1,0,1,1,1,Không có giá trước,1.481.481
S79 Loft Bui Vien,"Quận 1, Hồ Chí Minh, Việt Nam",Không có điểm đánh giá,Không có số nhận xét,Không có,Không có,Không có,Không có,Không có,0,0,0,0,0,0,0,0,0,Không có giá trước,1.237.694
Mini Hotel in Heart D1 - City View,"118 Lê Lai, Quận 1, Hồ Chí Minh, Việt Nam, 710000",Không có điểm đánh giá,Không có số nhận xét,Không có,Không có,Không có,Không có,Không có,0,0,0,0,0,0,0,1,1,Không có giá trước,462.963
"Căn hộ 108 m² 3 phòng ngủ, 2 phòng tắm riêng ở Bình Thạnh (VIVIAN LANDMARK 81 3-Bedroom Luxury)","Bình Thạnh, Hồ Chí Minh, Việt Nam",Không có điểm đánh giá,Không có số nhận xét,Không có,Không có,Không có,Không có,Không có,1,0,0,1,0,1,0,1,1,5.865.872,3.693.913
"Căn hộ 50 m² 1 phòng ngủ, 1 phòng tắm riêng ở Quận 2 (Gu-reum Lexington 1BR Apartment District 2)","Quận 2, Hồ Chí Minh, Việt Nam","9,2",10,10.0,8.0,10.0,8.0,10.0,1,0,0,1,0,1,0,0,0,2.763.721,2.211.034
Căn Hộ 1 Phòng Ngủ Vinhomes Grand Park Quận 9 (Can Ho 1 Phong Ngu Vinhomes Grand Park Quan 9),"Quận 9, Hồ Chí Minh, Việt Nam",Không có điểm đánh giá,Không có số nhận xét,Không có,Không có,Không có,Không có,Không có,1,0,1,1,0,0,0,0,1,Không có giá trước,827.206
Hanhhome,"140/25 Đường Đặng Văn Ngữ, Phú Nhuận, Hồ Chí Minh, Việt Nam, 72252","9,9",3,9.3,9.4,9.2,9.2,9.7,1,0,0,0,1,1,1,1,0,Không có giá trước,777.778
Long Home 2 - B02,"15 Hoàng Sa, Quận 1, Hồ Chí Minh, Việt Nam","8,0",8,8.2,8.4,7.4,6.9,7.0,0,0,0,1,0,0,0,1,1,Không có giá trước,Không có giá sau
"Chung cư 80 m² 2 phòng ngủ, 2 phòng tắm riêng ở Quận 4 (Danny Executive Apartment Saigon)","Quận 4, Hồ Chí Minh, Việt Nam",10,1,10.0,10.0,10.0,10.0,10.0,1,0,0,1,0,1,0,0,0,1.959.632,1.921.889
Tutaco Double Room with front small yard,"2a Vũ Ngọc Phan, Bình Thạnh, Hồ Chí Minh, Việt Nam","7,6",1,7.5,7.5,7.5,7.5,7.5,0,0,0,1,0,0,0,1,0,Không có giá trước,560.185
"Căn hộ 85 m² 1 phòng ngủ, 1 phòng tắm riêng ở Phú Nhuận (Luxury apartment in HCMC central (1BR))","Quận 1, Hồ Chí Minh, Việt Nam",Không có điểm đánh giá,Không có số nhận xét,Không có,Không có,Không có,Không có,Không có,1,0,0,0,0,0,0,0,0,Không có giá trước,1.312.706
TanSonNhat Luxury Apartment,"Tân Bình, Hồ Chí Minh, Việt Nam","8,9",1,10.0,7.5,7.5,10.0,10.0,1,0,0,1,0,1,0,0,1,Không có giá trước,1.272.727
Chung cư studio 27 m² có 1 phòng tắm riêng ở Quận 4 (SAIGON 9- RiverGate 3 mins Ben Thanh free pool/gym),"Quận 4, Hồ Chí Minh, Việt Nam","8,2",4,8.5,7.5,8.0,7.5,9.5,1,0,0,1,0,1,0,0,0,Không có giá trước,976.577
Dragon homestay centre city Bitexco view room,"45 Nguyễn Thái Học tầng 3, Quận 1, Hồ Chí Minh, Việt Nam","7,7",68,8.8,8.7,7.8,6.9,7.3,0,0,0,0,0,0,0,1,1,409.311,361.111
C r a z y L o v e Homestay,"295 Bình Lợi, Bình Thạnh, Hồ Chí Minh, Việt Nam",Không có điểm đánh giá,Không có số nhận xét,Không có,Không có,Không có,Không có,Không có,0,0,0,0,0,0,0,1,1,576.540,572.727
"Căn hộ 42 m² 1 phòng ngủ, 1 phòng tắm riêng ở Quận 4 (Studio-Mediterranean style-Millennium-Q4-Free Swim)","Quận 4, Hồ Chí Minh, Việt Nam",Không có điểm đánh giá,Không có số nhận xét,Không có,Không có,Không có,Không có,Không có,1,0,0,0,0,1,0,0,0,Không có giá trước,1.115.111
Homestay Nhà Cam Cam (Homestay Nha Cam Cam),"Quận 2, Hồ Chí Minh, Việt Nam",Không có điểm đánh giá,Không có số nhận xét,Không có,Không có,Không có,Không có,Không có,0,0,0,0,0,0,0,0,0,Không có giá trước,435.185
Atus boutique - City central,"71 Cô Giang, Quận 1, Hồ Chí Minh, Việt Nam",10,1,10.0,10.0,10.0,10.0,10.0,1,1,0,0,0,0,1,1,1,Không có giá trước,885.417
Apartment Celadon City Tân Phú - 2 PHÒNG NGỦ (Apartment Celadon City Tan Phu - 2 PHONG NGU),"Tân Phú, Hồ Chí Minh, Việt Nam",Không có điểm đánh giá,Không có số nhận xét,Không có,Không có,Không có,Không có,Không có,1,0,0,1,0,0,0,0,1,1.320.093,1.231.481
"Nhà riêng m² 4 phòng ngủ, 3 phòng tắm riêng ở Bình Thạnh (Vinhomes Central Park luxury apartment)","Bình Thạnh, Hồ Chí Minh, Việt Nam",Không có điểm đánh giá,Không có số nhận xét,Không có,Không có,Không có,Không có,Không có,1,0,0,1,0,0,0,0,1,3.757.602,1.808.940
Nguyen Le Suite,"Room 27A, Nguyen Dinh Chieu, Da Kao, Nguyen Le Suite, Nguyen Le Suite, Quận 1, Hồ Chí Minh, Việt Nam, 700000","8,6",9,10.0,10.0,10.0,10.0,10.0,1,0,1,1,0,0,1,1,0,3.800.000,1.583.074
"Căn hộ 75 m² 3 phòng ngủ, 2 phòng tắm riêng ở Quận 8 (Peace place)","Bình Tân, Hồ Chí Minh, Việt Nam",Không có điểm đánh giá,Không có số nhận xét,Không có,Không có,Không có,Không có,Không có,1,0,0,1,0,1,0,0,1,1.666.667,1.282.791
căn hộ Lý Chính Thắng (can ho Ly Chinh Thang),"129/10-12 Ly Chinh Thang Quan 3, Quận 3, Hồ Chí Minh, Việt Nam, 70000","8,9",151,9.0,9.0,9.1,9.1,9.0,0,1,0,0,0,0,1,1,1,483.948,462.963
"Căn hộ m² 1 phòng ngủ, 2 phòng tắm riêng ở Bình Thạnh (Luxury 2br Atp Lanmark5 building)","Bình Thạnh, Hồ Chí Minh, Việt Nam",Không có điểm đánh giá,Không có số nhận xét,Không có,Không có,Không có,Không có,Không có,1,0,0,1,0,0,0,0,0,3.000.000,1.742.851
"Nhà riêng 23 m² 1 phòng ngủ, 1 phòng tắm riêng ở Bình Thạnh (Yoko Cozy Studio)","Bình Thạnh, Hồ Chí Minh, Việt Nam","7,2",11,6.0,4.0,3.5,3.5,3.5,1,0,0,1,0,0,0,1,0,764.882,560.581
"Căn hộ 90 m² 2 phòng ngủ, 1 phòng tắm riêng ở Quận 4 (Saigon Royal 2BR)","Quận 4, Hồ Chí Minh, Việt Nam","9,6",83,9.7,9.7,9.6,Không có,9.6,1,0,0,0,0,0,0,0,0,Không có giá trước,2.513.589
Hotel Quỳnh Anh,"Đường số 24A, 54, Bình Tân, Hồ Chí Minh, Việt Nam, 70000","7,2",23,7.8,7.4,7.6,6.7,7.1,0,0,0,0,0,0,1,1,1,Không có giá trước,Không có giá sau
Sống chậm thư giãn giữa quận 1 (Song cham thu gian giua quan 1),"Quận 1, Hồ Chí Minh, Việt Nam","5,0",1,7.5,7.5,5.0,2.5,2.5,0,0,0,0,0,0,0,0,0,Không có giá trước,972.222
"Căn hộ 67 m² 1 phòng ngủ, 1 phòng tắm riêng ở Quận 1 (Metropole Lux Apartment 97 -Pool City Center Gym)","Quận 2, Hồ Chí Minh, Việt Nam",Không có điểm đánh giá,Không có số nhận xét,Không có,Không có,Không có,Không có,Không có,1,0,0,1,0,1,0,0,1,Không có giá trước,2.167.196
SwEEt HomE,"Bình Thạnh, Hồ Chí Minh, Việt Nam","7,8",6,7.9,7.9,7.9,7.5,7.9,1,0,0,0,0,0,0,0,0,Không có giá trước,626.736
"Nhà riêng 70 m² 2 phòng ngủ, 1 phòng tắm riêng ở Bình Thạnh (AURA APARTMENT – 5m to Landmark 81)","Bình Thạnh, Hồ Chí Minh, Việt Nam","9,8",10,9.6,10.0,9.8,Không có,10.0,1,0,0,1,0,0,0,1,1,1.199.702,897.749
"Nhà riêng 70 m² 1 phòng ngủ, 1 phòng tắm riêng ở Bình Thạnh (SUNDAYS APARTMENT – 5m to Landmark 81)","Bình Thạnh, Hồ Chí Minh, Việt Nam",10,3,9.3,10.0,10.0,Không có,10.0,1,0,0,1,0,0,0,1,0,1.036.040,775.819
Căn hộ studio 28 m² có 1 phòng tắm riêng ở Quận 1 (Botanist Lab cozy studio in Tan Dinh by CIRCADIAN),"Quận 1, Hồ Chí Minh, Việt Nam","9,7",252,9.7,9.9,9.6,Không có,9.5,1,0,0,1,0,0,0,0,0,919.652,676.651
"Căn hộ 50 m² 2 phòng ngủ, 1 phòng tắm riêng ở Bình Thạnh (Căn hộ dịch vụ)","Thủ Đức, Hồ Chí Minh, Việt Nam","8,0",1,10.0,8.0,8.0,6.0,8.0,0,0,0,1,0,0,0,0,0,Không có giá trước,1.198.457
Nui Thanh Hotel,"3A Nui Thanh St., Ward 13, Tan Binh District, Tân Bình, Hồ Chí Minh, Việt Nam","8,2",276,8.1,8.6,8.7,7.9,8.3,0,1,1,0,0,0,1,1,1,450.000,296.610
"Căn hộ 75 m² 2 phòng ngủ, 2 phòng tắm riêng ở Phước Kiển (Căn hộ 2 phòng ngủ, view sông, Lavida Plus, Quận 7)","Đ. Nguyễn Văn Linh, Quận 7, 17, Quận 7, Hồ Chí Minh, Việt Nam",10,7,10.0,10.0,10.0,Không có,9.7,1,0,0,1,0,0,0,1,1,1.361.914,1.030.496
Empire City View Luxury Apartment,"Mai Chi Tho Street, Thu Thiem, Vietnam, Quận 2, Hồ Chí Minh, Việt Nam, 700000","9,0",4,10.0,9.0,9.0,8.5,8.5,0,0,0,0,0,0,1,1,0,Không có giá trước,Không có giá sau
"Nhà riêng 400 m² 1 phòng ngủ, 8 phòng tắm riêng ở Bình Thạnh (May Villas luxury district 2 with pool.)","Bình Thạnh, Hồ Chí Minh, Việt Nam",Không có điểm đánh giá,Không có số nhận xét,Không có,Không có,Không có,Không có,Không có,1,0,0,1,0,0,0,1,0,19.000.000,11.028.401
"Căn hộ 79 m² 1 phòng ngủ, 2 phòng tắm riêng ở Quận 9 (Căn hộ view thành phố bao quanh không gian xanh)","Quận 9, Hồ Chí Minh, Việt Nam",Không có điểm đánh giá,Không có số nhận xét,Không có,Không có,Không có,Không có,Không có,1,0,0,0,0,1,0,1,0,2.246.848,1.948.021
BMC Chillaxroom,"Apt 1104, 422 Vo Van Kiet Boulevard, BMC Tower, District 1, Quận 1, Hồ Chí Minh, Việt Nam","9,0",11,9.5,9.5,8.0,8.5,8.5,1,0,0,1,1,1,1,1,0,Không có giá trước,2.678.241
VICTORY - hotel 388 htp,"388/11A Huỳnh Tấn Phát, Quận 7, Hồ Chí Minh, Việt Nam, 72914","8,0",146,8.5,8.8,8.7,8.3,8.8,0,0,0,0,0,0,0,1,1,415.693,306.667
"Căn hộ m² 1 phòng ngủ, 1 phòng tắm riêng ở Quận 1 (Lyn Homestay room2 ( Bui Vien Walking Street))","Quận 1, Hồ Chí Minh, Việt Nam",Không có điểm đánh giá,Không có số nhận xét,Không có,Không có,Không có,Không có,Không có,1,0,0,1,0,0,0,0,0,2.324.298,1.460.466
"Căn hộ 75 m² 2 phòng ngủ, 2 phòng tắm riêng ở Phú Nhuận (Tân Sơn Nhất airport 2BR)","Tân Bình, Hồ Chí Minh, Việt Nam",Không có điểm đánh giá,Không có số nhận xét,Không có,Không có,Không có,Không có,Không có,1,0,0,0,0,1,0,0,0,3.274.356,2.057.046
The Luxury Hotel,"457/1A Le van tho. phuong 9. Quan Go Vap. Thanh Pho Ho Chi Minh, 457/1A Le van tho. phuong 9. Quan Go Vap. Thanh Pho Ho Chi Minh, Gò Vấp, Hồ Chí Minh, Việt Nam, 7000","9,6",2,8.8,10.0,10.0,8.8,10.0,0,0,0,0,0,0,1,1,1,Không có giá trước,601.852
"Căn hộ 140 m² 3 phòng ngủ, 2 phòng tắm riêng ở Quận 4 (3bed resortstyle in central D1/pool/gym/cigar room)","608 Đ. Võ Văn Kiệt, Cầu Kho, Quận 1, Hồ Chí Minh, Việt Nam, 700000","7,1",11,7.0,7.3,7.0,6.7,7.3,1,0,0,1,0,1,0,1,1,Không có giá trước,2.737.500
Luxury 1BR Ha Do Centrosa Garden with city view,"Quận 10, Hồ Chí Minh, Việt Nam","9,7",13,10.0,10.0,10.0,8.0,10.0,1,0,0,1,0,1,0,1,1,5.206.911,1.680.513
"Khánh Nguyễn Luxury Apartment, balcony street view, large bathtub (Khanh Nguyen Luxury Apartment, balcony street view, large bathtub)","315 Nguyễn Thái Bình, Tân Bình, Hồ Chí Minh, Việt Nam","9,3",33,8.6,9.8,9.6,9.9,9.6,0,0,0,1,0,0,0,1,1,Không có giá trước,Không có giá sau
"Nhà riêng m² 1 phòng ngủ, 1 phòng tắm riêng ở Quận 3 (HOD Apartment Tan Dinh )","35b Đinh Công Tráng, Phường Tân Định, Quận 1, Hồ Chí Minh, Việt Nam, 71000","9,5",93,8.6,9.7,9.7,9.4,9.7,1,0,0,1,0,0,1,1,1,Không có giá trước,1.000.000
Diamond Suite Star Hill Apartment,"Đường số 10, khu star Hill, Phường Tân Phú, Quận 7, Thành phố Hồ Chí Minh, Quận 7, Hồ Chí Minh, Việt Nam, 700000",10,2,10.0,10.0,10.0,10.0,10.0,0,0,1,1,1,0,1,1,1,1.825.381,1.794.569
HoLo Central Saigon - Serviced HomeStay,"1 Phan Văn Trường, Quận 1, Hồ Chí Minh, Việt Nam","8,1",204,8.9,8.3,8.3,7.7,8.0,1,0,0,0,0,0,0,1,0,645.119,518.788
"Căn hộ 52 m² 1 phòng ngủ, 1 phòng tắm riêng ở Tân Bình (Republic plaza Đầy đủ tiện nghi )","Tân Bình, Hồ Chí Minh, Việt Nam",Không có điểm đánh giá,Không có số nhận xét,Không có,Không có,Không có,Không có,Không có,1,0,0,1,0,1,0,0,0,4.854.134,4.758.847
"Căn hộ 60 m² 2 phòng ngủ, 2 phòng tắm riêng ở Quận 9 (Full service apartment with poll view )","Quận 9, Hồ Chí Minh, Việt Nam","8,3",3,7.3,8.0,8.7,8.7,8.7,1,0,0,1,0,1,0,0,1,1.077.798,1.035.106
Căn hộ studio 40 m² có 1 phòng tắm riêng ở Quận 1 (Botanist Lab garden studio by CIRCADIAN),"Quận 1, Hồ Chí Minh, Việt Nam","9,7",220,10.0,10.0,10.0,10.0,10.0,1,0,0,1,0,0,0,0,0,1.453.790,824.205
"Căn hộ m² 1 phòng ngủ, 1 phòng tắm riêng ở Quận 1 (Lyn Homestay Room 3 ( Bui Vien WalkingStreet))","Quận 1, Hồ Chí Minh, Việt Nam",Không có điểm đánh giá,Không có số nhận xét,Không có,Không có,Không có,Không có,Không có,1,0,0,1,0,0,0,0,0,2.324.298,1.460.466
"Nhà riêng 50 m² 1 phòng ngủ, 1 phòng tắm riêng ở Tân Bình (Elegant apartment 1BR-1BA Near the airport)","Tân Bình, Hồ Chí Minh, Việt Nam",Không có điểm đánh giá,Không có số nhận xét,Không có,Không có,Không có,Không có,Không có,1,0,0,1,0,0,0,0,0,1.569.482,974.016
An Bình Hotel (An Binh Hotel),"Hẻm B5 Võ Văn Vân, Quận 4, Hồ Chí Minh, Việt Nam","9,9",3,10.0,10.0,10.0,10.0,10.0,0,0,0,0,0,0,1,1,1,432.892,419.648
Saigon Royal - Trendy Modern Apartment,"34 – 35 Ben Van Don, Ward 12, District 4, Ho Chi Minh, Vietnam, Quận 4, Hồ Chí Minh, Việt Nam, 700000","8,1",196,8.2,7.2,7.3,7.2,7.4,1,0,1,0,1,1,1,1,0,Không có giá trước,Không có giá sau
"Chung cư 40 m² 1 phòng ngủ, 1 phòng tắm riêng ở Quận 4 (HANAN 1 bedroom apartment at Saigon downtown)","Quận 4, Hồ Chí Minh, Việt Nam","9,7",63,9.0,10.0,10.0,8.0,9.0,1,0,0,1,0,1,0,0,0,1.204.998,1.006.820
"Nhà riêng 60 m² 2 phòng ngủ, 2 phòng tắm riêng ở Quận 4 (Căn hộ phong cách mạnh mẽ, bí ẩn Quận 1)","Quận 1, Hồ Chí Minh, Việt Nam",Không có điểm đánh giá,Không có số nhận xét,Không có,Không có,Không có,Không có,Không có,1,0,0,0,0,0,0,0,0,3.968.254,3.890.357
"Căn hộ 60 m² 1 phòng ngủ, 1 phòng tắm riêng ở Quận 7 (An apartment )","Quận 7, Hồ Chí Minh, Việt Nam","6,9",12,8.5,6.7,6.5,5.8,6.8,1,0,0,0,0,0,0,0,0,453.891,344.096
Koi View,"Quận 9, Hồ Chí Minh, Việt Nam",Không có điểm đánh giá,Không có số nhận xét,Không có,Không có,Không có,Không có,Không có,1,0,0,1,0,0,0,0,1,632.788,625.000
Trốn - Nguyễn Bỉnh Khiêm,"No. 6, 29, Nguyen Binh Khiem St, Da Kao, Vietnam, TRON is here., TRỐN ở đây nhé, Quận 1, Hồ Chí Minh, Việt Nam, 700000","9,5",17,9.5,9.5,9.6,9.7,9.7,0,0,0,0,0,0,0,1,0,1.264.790,591.118
Homestay 26 Nguyễn Văn Lạc,"26 Nguyễn Văn Lạc, Phường 19, 26 Nguyễn Văn Lạc, Bình Thạnh, Hồ Chí Minh, Việt Nam, 72323","6,6",19,6.9,7.2,6.8,5.7,5.9,1,0,0,1,0,0,0,1,1,874.054,218.514
"Mint Hotel - 22 Đỗ Quang Đẩu, Q1 - by Bay Luxury (Mint Hotel - 22 Đo Quang Đau, Q1 - by Bay Luxury)","Đỗ Quang Đẩu, Quận 1, Hồ Chí Minh, Việt Nam","7,5",3,8.3,7.5,7.5,8.3,7.5,0,0,0,0,0,1,0,1,0,Không có giá trước,748.337
"Căn hộ 32 m² 1 phòng ngủ, 1 phòng tắm riêng ở Quận 4 (DANNY’s RIVER VIEW CBD FREE POOL)","Quận 1, Hồ Chí Minh, Việt Nam","8,3",28,8.5,8.0,8.3,8.0,8.4,1,0,0,0,0,1,0,0,0,1.635.947,1.310.583
"Căn hộ 108 m² 3 phòng ngủ, 2 phòng tắm riêng ở Bình Thạnh (căn hộ dịch vụ khách sạn cao cấp 3 phòng ngủ)","Bình Thạnh, Hồ Chí Minh, Việt Nam",Không có điểm đánh giá,Không có số nhận xét,Không có,Không có,Không có,Không có,Không có,1,0,0,1,0,1,0,0,0,2.111.111,1.825.832
Căn hộ studio 25 m² có 1 phòng tắm riêng ở Quận 1 (Botanist Lab sleek studio in Tan Dinh by CIRCADIAN),"Quận 1, Hồ Chí Minh, Việt Nam","9,5",186,10.0,10.0,10.0,9.0,10.0,1,0,0,1,0,0,0,0,0,592.593,560.563
"Nhà riêng 77 m² 1 phòng ngủ, 1 phòng tắm riêng ở Quận 4 (Spacious 1 bedroom with nice D7 view Sunrise)","Quận 7, Hồ Chí Minh, Việt Nam",Không có điểm đánh giá,Không có số nhận xét,Không có,Không có,Không có,Không có,Không có,1,0,0,1,0,0,0,0,0,1.340.000,1.158.249
"Căn hộ 110 m² 3 phòng ngủ, 2 phòng tắm riêng ở Quận 4 (Destiny Apartment River Gate 3Br Ben Thanh (a24oT))","Quận 4, Hồ Chí Minh, Việt Nam",Không có điểm đánh giá,Không có số nhận xét,Không có,Không có,Không có,Không có,Không có,1,0,0,1,0,1,0,0,1,3.873.247,2.438.453
"Căn hộ 65 m² 1 phòng ngủ, 1 phòng tắm riêng ở Trung tâm thành phố Buôn Ma Thuột (SERENITY SKY VILLAS - 센터 - Best Villa in HCMC)","Quận 3, Hồ Chí Minh, Việt Nam",Không có điểm đánh giá,Không có số nhận xét,Không có,Không có,Không có,Không có,Không có,1,0,0,0,0,0,0,0,0,3.919.263,3.842.328
"Nhà riêng 45 m² 1 phòng ngủ, 1 phòng tắm riêng ở Phú Nhuận (Openning-1BR 45m2 luxury-center near Q1-S11)","Bình Thạnh, Hồ Chí Minh, Việt Nam","8,0",1,8.0,8.0,8.0,Không có,10.0,1,0,0,1,0,0,0,0,0,Không có giá trước,611.835
Khải Linh Homestay (Khai Linh Homestay),"3/13 Võ Văn Tần, Quận 3, Hồ Chí Minh, Việt Nam, 01",Không có điểm đánh giá,Không có số nhận xét,Không có,Không có,Không có,Không có,Không có,0,0,0,0,0,0,0,1,1,Không có giá trước,545.455
"Căn hộ 32 m² 1 phòng ngủ, 1 phòng tắm riêng ở Quận 4 (DANNY’s RIVER VIEW CBD FREE POOL)","Quận 1, Hồ Chí Minh, Việt Nam","8,3",28,8.5,8.0,8.3,8.0,8.4,1,0,0,0,0,1,0,0,0,1.635.947,1.310.583
"Căn hộ 108 m² 3 phòng ngủ, 2 phòng tắm riêng ở Bình Thạnh (căn hộ dịch vụ khách sạn cao cấp 3 phòng ngủ)","Bình Thạnh, Hồ Chí Minh, Việt Nam",Không có điểm đánh giá,Không có số nhận xét,Không có,Không có,Không có,Không có,Không có,1,0,0,1,0,1,0,0,0,2.111.111,1.825.832
Căn hộ studio 25 m² có 1 phòng tắm riêng ở Quận 1 (Botanist Lab sleek studio in Tan Dinh by CIRCADIAN),"Quận 1, Hồ Chí Minh, Việt Nam","9,5",186,10.0,10.0,10.0,9.0,10.0,1,0,0,1,0,0,0,0,0,592.593,560.563
CatTuongHotel (CatTuongHotel),"83 Trương Định, Quận 3, Hồ Chí Minh, Việt Nam, 70000","6,5",14,6.7,7.3,6.7,6.7,6.7,1,0,0,1,0,1,1,1,1,Không có giá trước,Không có giá sau
"Nhà riêng 77 m² 1 phòng ngủ, 1 phòng tắm riêng ở Quận 4 (Spacious 1 bedroom with nice D7 view Sunrise)","Quận 7, Hồ Chí Minh, Việt Nam",Không có điểm đánh giá,Không có số nhận xét,Không có,Không có,Không có,Không có,Không có,1,0,0,1,0,0,0,0,0,1.340.000,1.158.249
"Căn hộ 110 m² 3 phòng ngủ, 2 phòng tắm riêng ở Quận 4 (Destiny Apartment River Gate 3Br Ben Thanh (a24oT))","Quận 4, Hồ Chí Minh, Việt Nam",Không có điểm đánh giá,Không có số nhận xét,Không có,Không có,Không có,Không có,Không có,1,0,0,1,0,1,0,0,1,3.873.247,2.438.453
"Căn hộ 65 m² 1 phòng ngủ, 1 phòng tắm riêng ở Trung tâm thành phố Buôn Ma Thuột (SERENITY SKY VILLAS - 센터 - Best Villa in HCMC)","Quận 3, Hồ Chí Minh, Việt Nam",Không có điểm đánh giá,Không có số nhận xét,Không có,Không có,Không có,Không có,Không có,1,0,0,0,0,0,0,0,0,3.919.263,3.842.328
"Nhà riêng 45 m² 1 phòng ngủ, 1 phòng tắm riêng ở Phú Nhuận (Openning-1BR 45m2 luxury-center near Q1-S11)","Bình Thạnh, Hồ Chí Minh, Việt Nam","8,0",1,8.0,8.0,8.0,Không có,10.0,1,0,0,1,0,0,0,0,0,Không có giá trước,611.835
Khải Linh Homestay (Khai Linh Homestay),"3/13 Võ Văn Tần, Quận 3, Hồ Chí Minh, Việt Nam, 01",Không có điểm đánh giá,Không có số nhận xét,Không có,Không có,Không có,Không có,Không có,0,0,0,0,0,0,0,1,1,Không có giá trước,545.455
Nguyên Thanh Hotel,"No. 2, Tran Thi Dieu, Phuong Phuoc Long B, Thu Duc City, Ho Chi Minh City, Quận 9, Hồ Chí Minh, Việt Nam","8,0",13,9.0,9.5,9.0,8.5,8.5,0,0,0,0,0,0,1,1,0,1.206.837,322.111
The Marq By Hava Group,"29b Nguyễn Đình Chiểu, Quận 1, Hồ Chí Minh, Việt Nam, 70000","9,5",1,10.0,10.0,10.0,10.0,10.0,1,0,1,1,0,1,1,1,1,Không có giá trước,5.555.556
Nhà nghỉ Thanh Hà (Thanh Ha Guest House),"241/39 Pham Ngu Lao, Dist 1, Quận 1, Hồ Chí Minh, Việt Nam","8,4",76,8.9,9.0,8.5,7.8,8.4,1,0,0,0,1,0,1,1,1,800.000,432.099
AWENASA,"40 / 2 Bau Cat 1 Street, Ward 14, Tan Binh District, Tân Bình, Hồ Chí Minh, Việt Nam, 700000",10,2,10.0,10.0,10.0,10.0,10.0,0,0,0,1,0,0,0,1,0,523.711,471.273
The Cafe Apartments building-6even,"42 Nguyen Hue street, Ben Nghe ward, District 1, The Cafe Apartments building, 6th floor, flat #61, Quận 1, Hồ Chí Minh, Việt Nam, 700000","9,7",20,9.9,9.7,9.6,9.6,9.6,0,0,0,0,0,0,1,1,1,Không có giá trước,Không có giá sau
Ngoại Ô Xanh (Ngoai O Xanh),"27 Đường 75-TML, Quận 2, Hồ Chí Minh, Việt Nam",Không có điểm đánh giá,Không có số nhận xét,Không có,Không có,Không có,Không có,Không có,0,0,0,0,0,0,0,1,1,Không có giá trước,681.818
Chung cư studio 120 m² có 2 phòng tắm riêng ở Bình Thạnh (L6.34.02),"Bình Thạnh, Hồ Chí Minh, Việt Nam",Không có điểm đánh giá,Không có số nhận xét,Không có,Không có,Không có,Không có,Không có,1,0,0,1,0,1,0,1,0,2.222.222,1.926.847
Oasis Central Residence & Hotel - SOHO - District 1,"Soho Residence Building, 100 Co Giang Street, District 1, Quận 1, Hồ Chí Minh, Việt Nam, 700000","9,1",44,9.2,9.0,9.1,8.9,8.9,1,0,0,0,1,0,1,1,1,Không có giá trước,1.481.481
S79 Loft Bui Vien,"Quận 1, Hồ Chí Minh, Việt Nam",Không có điểm đánh giá,Không có số nhận xét,Không có,Không có,Không có,Không có,Không có,0,0,0,0,0,0,0,0,0,Không có giá trước,1.237.694
Mini Hotel in Heart D1 - City View,"118 Lê Lai, Quận 1, Hồ Chí Minh, Việt Nam, 710000",Không có điểm đánh giá,Không có số nhận xét,Không có,Không có,Không có,Không có,Không có,0,0,0,0,0,0,0,1,1,Không có giá trước,462.963
"Căn hộ 108 m² 3 phòng ngủ, 2 phòng tắm riêng ở Bình Thạnh (VIVIAN LANDMARK 81 3-Bedroom Luxury)","Bình Thạnh, Hồ Chí Minh, Việt Nam",Không có điểm đánh giá,Không có số nhận xét,Không có,Không có,Không có,Không có,Không có,1,0,0,1,0,1,0,1,1,5.865.872,3.693.913
"Căn hộ 50 m² 1 phòng ngủ, 1 phòng tắm riêng ở Quận 2 (Gu-reum Lexington 1BR Apartment District 2)","Quận 2, Hồ Chí Minh, Việt Nam","9,2",10,10.0,8.0,10.0,8.0,10.0,1,0,0,1,0,1,0,0,0,2.763.721,2.211.034
Căn Hộ 1 Phòng Ngủ Vinhomes Grand Park Quận 9 (Can Ho 1 Phong Ngu Vinhomes Grand Park Quan 9),"Quận 9, Hồ Chí Minh, Việt Nam",Không có điểm đánh giá,Không có số nhận xét,Không có,Không có,Không có,Không có,Không có,1,0,1,1,0,0,0,0,1,Không có giá trước,827.206
Hanhhome,"140/25 Đường Đặng Văn Ngữ, Phú Nhuận, Hồ Chí Minh, Việt Nam, 72252","9,9",3,9.3,9.4,9.2,9.2,9.7,1,0,0,0,1,1,1,1,0,Không có giá trước,777.778
Prestige Saigon Royal - Modern Apartment,"9 Nguyen Truong To, Phuong 12, Saigon Royal, Saigon Royal, Quận 4, Hồ Chí Minh, Việt Nam, 700000",10,1,10.0,10.0,10.0,10.0,10.0,1,0,0,0,0,0,1,1,0,Không có giá trước,Không có giá sau
"Chung cư 80 m² 2 phòng ngủ, 2 phòng tắm riêng ở Quận 4 (Danny Executive Apartment Saigon)","Quận 4, Hồ Chí Minh, Việt Nam",10,1,10.0,10.0,10.0,10.0,10.0,1,0,0,1,0,1,0,0,0,1.959.632,1.921.889
Tutaco Double Room with front small yard,"2a Vũ Ngọc Phan, Bình Thạnh, Hồ Chí Minh, Việt Nam","7,6",1,7.5,7.5,7.5,7.5,7.5,0,0,0,1,0,0,0,1,0,Không có giá trước,560.185
"Căn hộ 85 m² 1 phòng ngủ, 1 phòng tắm riêng ở Phú Nhuận (Luxury apartment in HCMC central (1BR))","Quận 1, Hồ Chí Minh, Việt Nam",Không có điểm đánh giá,Không có số nhận xét,Không có,Không có,Không có,Không có,Không có,1,0,0,0,0,0,0,0,0,Không có giá trước,1.312.706
TanSonNhat Luxury Apartment,"Tân Bình, Hồ Chí Minh, Việt Nam","8,9",1,10.0,7.5,7.5,10.0,10.0,1,0,0,1,0,1,0,0,1,Không có giá trước,1.272.727
Chung cư studio 27 m² có 1 phòng tắm riêng ở Quận 4 (SAIGON 9- RiverGate 3 mins Ben Thanh free pool/gym),"Quận 4, Hồ Chí Minh, Việt Nam","8,2",4,8.5,7.5,8.0,7.5,9.5,1,0,0,1,0,1,0,0,0,Không có giá trước,976.577
Dragon homestay centre city Bitexco view room,"45 Nguyễn Thái Học tầng 3, Quận 1, Hồ Chí Minh, Việt Nam","7,7",68,8.8,8.7,7.8,6.9,7.3,0,0,0,0,0,0,0,1,1,409.311,361.111
C r a z y L o v e Homestay,"295 Bình Lợi, Bình Thạnh, Hồ Chí Minh, Việt Nam",Không có điểm đánh giá,Không có số nhận xét,Không có,Không có,Không có,Không có,Không có,0,0,0,0,0,0,0,1,1,576.540,572.727
"Căn hộ 42 m² 1 phòng ngủ, 1 phòng tắm riêng ở Quận 4 (Studio-Mediterranean style-Millennium-Q4-Free Swim)","Quận 4, Hồ Chí Minh, Việt Nam",Không có điểm đánh giá,Không có số nhận xét,Không có,Không có,Không có,Không có,Không có,1,0,0,0,0,1,0,0,0,Không có giá trước,1.115.111
Homestay Nhà Cam Cam (Homestay Nha Cam Cam),"Quận 2, Hồ Chí Minh, Việt Nam",Không có điểm đánh giá,Không có số nhận xét,Không có,Không có,Không có,Không có,Không có,0,0,0,0,0,0,0,0,0,Không có giá trước,435.185
GEM'S HOUSE,"Room 201, 1196 Trường Sa Street, Ward 13, Vietnam, 201, Phú Nhuận, Hồ Chí Minh, Việt Nam, 72252",10,1,10.0,10.0,10.0,10.0,10.0,1,0,0,0,0,0,1,1,1,Không có giá trước,Không có giá sau
Atus boutique - City central,"71 Cô Giang, Quận 1, Hồ Chí Minh, Việt Nam",10,1,10.0,10.0,10.0,10.0,10.0,1,1,0,0,0,0,1,1,1,Không có giá trước,Không có giá sau
Apartment Celadon City Tân Phú - 2 PHÒNG NGỦ (Apartment Celadon City Tan Phu - 2 PHONG NGU),"Tân Phú, Hồ Chí Minh, Việt Nam",Không có điểm đánh giá,Không có số nhận xét,Không có,Không có,Không có,Không có,Không có,1,0,0,1,0,0,0,0,1,1.320.093,1.231.481
"Nhà riêng m² 4 phòng ngủ, 3 phòng tắm riêng ở Bình Thạnh (Vinhomes Central Park luxury apartment)","Bình Thạnh, Hồ Chí Minh, Việt Nam",Không có điểm đánh giá,Không có số nhận xét,Không có,Không có,Không có,Không có,Không có,1,0,0,1,0,0,0,0,1,3.757.602,1.808.940
Nguyen Le Suite,"Room 27A, Nguyen Dinh Chieu, Da Kao, Nguyen Le Suite, Nguyen Le Suite, Quận 1, Hồ Chí Minh, Việt Nam, 700000","8,6",9,10.0,10.0,10.0,10.0,10.0,1,0,1,1,0,0,1,1,0,3.800.000,1.583.074
"Căn hộ 75 m² 3 phòng ngủ, 2 phòng tắm riêng ở Quận 8 (Peace place)","Bình Tân, Hồ Chí Minh, Việt Nam",Không có điểm đánh giá,Không có số nhận xét,Không có,Không có,Không có,Không có,Không có,1,0,0,1,0,1,0,0,1,1.666.667,1.282.791
căn hộ Lý Chính Thắng (can ho Ly Chinh Thang),"129/10-12 Ly Chinh Thang Quan 3, Quận 3, Hồ Chí Minh, Việt Nam, 70000","8,9",151,9.0,9.0,9.1,9.1,9.0,0,1,0,0,0,0,1,1,1,483.948,462.963
"Căn hộ 100 m² 1 phòng ngủ, 1 phòng tắm riêng ở Bình Thạnh (HomeStay Thule phòng cho thuê)","Thủ Đức, Hồ Chí Minh, Việt Nam",Không có điểm đánh giá,Không có số nhận xét,Không có,Không có,Không có,Không có,Không có,1,0,0,0,0,0,0,0,0,2.645.502,2.593.571
"Căn hộ 100 m² 3 phòng ngủ, 2 phòng tắm riêng ở Quận 2 (River View 3Br In Masteri TĐ #Peaceful #Widely)","Quận 2, Hồ Chí Minh, Việt Nam",Không có điểm đánh giá,Không có số nhận xét,Không có,Không có,Không có,Không có,Không có,1,0,0,1,0,1,0,0,1,2.867.895,1.806.755
Hotel Phương Linh (Hotel Phuong Linh),"18A Chánh Hưng, Quận 8, Hồ Chí Minh, Việt Nam",Không có điểm đánh giá,Không có số nhận xét,Không có,Không có,Không có,Không có,Không có,0,0,0,0,0,0,0,1,0,Không có giá trước,328.704
"Căn hộ 57 m² 1 phòng ngủ, 1 phòng tắm riêng ở Quận 2 (Lumiere Riverside 1bedroom Infinite Pool &Free Gym)","259 Đ. Võ Nguyên Giáp, An Phú, Lumiere Riverside Thảo Điền, Quận 2, Hồ Chí Minh, Việt Nam",Không có điểm đánh giá,Không có số nhận xét,Không có,Không có,Không có,Không có,Không có,1,0,1,1,0,1,0,1,1,2.950.858,1.859.268
Soup Home,"1/3 Nguyễn Thái Sơn, Gò Vấp, Hồ Chí Minh, Việt Nam, 700000","8,7",2,6.3,10.0,8.8,8.8,7.5,1,0,0,1,0,0,1,1,1,Không có giá trước,543.636
CBS Home Ngoại Ô Xanh (CBS Home Ngoai O Xanh),"Quận 2, Hồ Chí Minh, Việt Nam",Không có điểm đánh giá,Không có số nhận xét,Không có,Không có,Không có,Không có,Không có,1,0,0,1,0,0,0,0,0,Không có giá trước,716.667
"Căn hộ 110 m² 3 phòng ngủ, 2 phòng tắm riêng ở Bình Thạnh (Landmark 2-47.01 3PN)","Bình Thạnh, Hồ Chí Minh, Việt Nam",10,1,10.0,10.0,10.0,10.0,10.0,1,0,0,1,0,1,0,0,1,3.202.784,2.964.302
DUPLEX Apartment Botanica Premier - Nearby Airport Free Pool Gym,"Tân Bình, Hồ Chí Minh, Việt Nam",Không có điểm đánh giá,Không có số nhận xét,Không có,Không có,Không có,Không có,Không có,1,0,0,1,0,1,0,0,1,Không có giá trước,1.013.333
"Căn hộ 80 m² 2 phòng ngủ, 2 phòng tắm riêng ở Quận 2 (Luxurious apartment with balcony&pool to near D1)","Quận 2, Hồ Chí Minh, Việt Nam",Không có điểm đánh giá,Không có số nhận xét,Không có,Không có,Không có,Không có,Không có,1,0,0,1,0,1,0,0,1,3.233.392,3.169.921
Soup Home,"1/3 Nguyễn Thái Sơn, Gò Vấp, Hồ Chí Minh, Việt Nam, 700000","8,7",2,6.3,10.0,8.8,8.8,7.5,1,0,0,1,0,0,1,1,1,Không có giá trước,543.636
CBS Home Ngoại Ô Xanh (CBS Home Ngoai O Xanh),"Quận 2, Hồ Chí Minh, Việt Nam",Không có điểm đánh giá,Không có số nhận xét,Không có,Không có,Không có,Không có,Không có,1,0,0,1,0,0,0,0,0,Không có giá trước,716.667
"Căn hộ 110 m² 3 phòng ngủ, 2 phòng tắm riêng ở Bình Thạnh (Landmark 2-47.01 3PN)","Bình Thạnh, Hồ Chí Minh, Việt Nam",10,1,10.0,10.0,10.0,10.0,10.0,1,0,0,1,0,1,0,0,1,3.202.784,2.964.302
Victory House,"191/A6A, đường Cống Quỳnh, phường Nguyễn Cư Trinh, Quận 1, Hồ Chí Minh, Việt Nam","9,6",1,9.1,9.3,8.8,8.5,9.0,0,0,0,1,0,0,0,1,1,Không có giá trước,Không có giá sau
DUPLEX Apartment Botanica Premier - Nearby Airport Free Pool Gym,"Tân Bình, Hồ Chí Minh, Việt Nam",Không có điểm đánh giá,Không có số nhận xét,Không có,Không có,Không có,Không có,Không có,1,0,0,1,0,1,0,0,1,Không có giá trước,1.013.333
"Căn hộ 80 m² 2 phòng ngủ, 2 phòng tắm riêng ở Quận 2 (Luxurious apartment with balcony&pool to near D1)","Quận 2, Hồ Chí Minh, Việt Nam",Không có điểm đánh giá,Không có số nhận xét,Không có,Không có,Không có,Không có,Không có,1,0,0,1,0,1,0,0,1,3.233.392,3.169.921
"Căn hộ 52 m² 1 phòng ngủ, 1 phòng tắm riêng ở Tân Bình (Republic Plaza)","Tân Bình, Hồ Chí Minh, Việt Nam","9,5",20,10.0,10.0,10.0,10.0,10.0,1,0,0,1,0,1,0,0,0,2.101.555,1.480.929
AmieLM Homestay near Airport,"Gò Vấp, Hồ Chí Minh, Việt Nam",Không có điểm đánh giá,Không có số nhận xét,Không có,Không có,Không có,Không có,Không có,1,0,0,0,0,0,0,0,0,4.444.444,1.111.111
"Nhà riêng 40 m² 1 phòng ngủ, 1 phòng tắm riêng ở Phú Nhuận (Apartment Mansion near Tan Son Nhat Airport)","Phú Nhuận, Hồ Chí Minh, Việt Nam",Không có điểm đánh giá,Không có số nhận xét,Không có,Không có,Không có,Không có,Không có,1,0,0,1,0,1,0,0,0,1.306.562,1.029.387
"Căn hộ 50 m² 1 phòng ngủ, 1 phòng tắm riêng ở Tân Bình (Republic Plaza Service Apartment)","Tân Bình, Hồ Chí Minh, Việt Nam","7,5",2,10.0,10.0,10.0,10.0,10.0,1,0,0,1,0,1,0,0,1,Không có giá trước,2.115.841
"Căn hộ 40 m² 1 phòng ngủ, 1 phòng tắm riêng ở Phú Nhuận (Apartment near Airport - Botanica Premire - Nice)","108 Hồng Hà, Tân Bình, Hồ Chí Minh, Việt Nam, 70000","8,4",5,8.0,4.0,2.0,6.0,2.0,1,0,0,1,0,1,0,1,1,Không có giá trước,787.037
Relax Homestay 2,"Quận 9, Hồ Chí Minh, Việt Nam",Không có điểm đánh giá,Không có số nhận xét,Không có,Không có,Không có,Không có,Không có,1,0,0,1,0,0,0,0,0,753.937,686.581
"Căn hộ 57 m² 1 phòng ngủ, 1 phòng tắm riêng ở Phú Nhuận (VIP-studio lớn nhất Tân Bình-siêu rộng và thoáng)","Tân Bình, Hồ Chí Minh, Việt Nam",Không có điểm đánh giá,Không có số nhận xét,Không có,Không có,Không có,Không có,Không có,1,0,0,1,0,1,0,0,1,1.109.486,675.481
Phương Anh 2 - Hotel Bình Tân,"390 Quốc lộ 1A, Bình Tân, Hồ Chí Minh, Việt Nam, 70000","8,4",8,7.0,10.0,9.0,7.0,9.0,0,0,0,0,0,0,1,1,1,Không có giá trước,Không có giá sau
"Căn hộ 38 m² 1 phòng ngủ, 1 phòng tắm riêng ở Bình Thạnh (Chung cu the manor 2 phong 38m2 view cao)","91 nguyen huu canh phuong 22 binh thanh, Themanor 2 g2306, Bình Thạnh, Hồ Chí Minh, Việt Nam, 70000","7,8",10,9.5,10.0,9.5,9.5,9.0,1,0,1,1,0,0,0,1,1,886.424,765.493
Staycation Vinhomes Landmark 81,"720A Đ. Điện Biên Phủ, Bình Thạnh, Hồ Chí Minh, Việt Nam","4,0",3,Không có,Không có,Không có,Không có,Không có,1,0,1,1,0,0,0,1,1,Không có giá trước,1.613.595
Nam House Blue Sky,"Quận 2, Hồ Chí Minh, Việt Nam","2,3",1,2.5,2.5,2.5,2.5,2.5,1,0,0,1,0,0,0,0,0,Không có giá trước,416.667
Toà nhà Sabay Home - Studio Full nội thất (Toa nha Sabay Home - Studio Full noi that),"Phong Phú, Hồ Chí Minh, Việt Nam",Không có điểm đánh giá,Không có số nhận xét,Không có,Không có,Không có,Không có,Không có,1,0,0,1,0,0,0,0,0,Không có giá trước,462.037
"Nhà riêng 55 m² 1 phòng ngủ, 1 phòng tắm riêng ở Bình Thạnh (Vinhomes Serene Garden Suite)","Bình Thạnh, Hồ Chí Minh, Việt Nam",Không có điểm đánh giá,Không có số nhận xét,Không có,Không có,Không có,Không có,Không có,1,0,0,1,0,1,0,1,1,2.030.918,1.261.804
"Nhà riêng 285 m² 3 phòng ngủ, 3 phòng tắm riêng ở Phong Phú (Full Duplex Apartment - with private pool.)","Phong Phú, Hồ Chí Minh, Việt Nam",10,12,9.3,10.0,10.0,Không có,9.8,1,0,0,1,0,0,0,0,1,3.000.000,1.511.723
Hhomestay,"Quận 1, Hồ Chí Minh, Việt Nam",Không có điểm đánh giá,Không có số nhận xét,Không có,Không có,Không có,Không có,Không có,0,0,0,0,0,0,0,0,0,Không có giá trước,1.481.481
"Căn hộ 60 m² 1 phòng ngủ, 1 phòng tắm riêng ở Bình Thạnh (Landmark 5-32.05 1PN)","Bình Thạnh, Hồ Chí Minh, Việt Nam",10,2,10.0,10.0,Không có,10.0,10.0,1,0,0,1,0,1,0,0,1,2.224.051,2.059.318
"Căn hộ 105 m² 2 phòng ngủ, 2 phòng tắm riêng ở Bình Thạnh (Landmark 2-19.03 2PN lớn)","Bình Thạnh, Hồ Chí Minh, Việt Nam",Không có điểm đánh giá,Không có số nhận xét,Không có,Không có,Không có,Không có,Không có,1,0,0,1,0,1,0,0,1,3.596.513,2.264.830
"Masteri Riverside Apartment - Free Gym, Pool","159 Đường Võ Nguyên Giáp, Quận 2, Hồ Chí Minh, Việt Nam","8,2",15,8.6,8.1,7.9,8.1,8.3,1,0,0,1,1,1,0,1,1,Không có giá trước,Không có giá sau
Vinhomes Landmark Luxury Apartment Since 2025,"208 Đường Nguyễn Hữu Cảnh, Bình Thạnh, Hồ Chí Minh, Việt Nam, 700000",10,2,10.0,10.0,10.0,10.0,10.0,1,0,1,1,1,0,0,1,1,3.173.663,793.416
"Căn hộ 75 m² 2 phòng ngủ, 2 phòng tắm riêng ở Quận 2 (The Sun Avenue - TULIP Apartment)","Quận 2, Hồ Chí Minh, Việt Nam","8,6",7,8.3,8.3,8.6,8.3,8.3,1,0,0,1,0,1,0,0,1,1.410.739,1.253.329
"Nhà riêng 60 m² 2 phòng ngủ, 2 phòng tắm riêng ở Quận 9 (Vinhomes Grandpark|The Oasis|Japan retreats 2PN)","Nguyễn Xiển, Long Thạnh Mỹ, Vinhomes Grand Park, Quận 9, Hồ Chí Minh, Việt Nam",10,1,10.0,10.0,10.0,10.0,10.0,1,0,0,1,0,0,0,1,1,1.036.528,921.433
Kim Khoi Hotel,"181 Phạm Ngũ Lão, Quận 1, Quận 1, Hồ Chí Minh, Việt Nam","7,8",427,8.9,7.9,8.1,7.1,7.8,1,1,0,1,1,0,1,1,1,774.914,503.373
"Nhà riêng m² 1 phòng ngủ, 1 phòng tắm riêng ở Quận 1 (HOD Apartment Da Kao)","79/3/4 Phan Kế Bính, Đa Kao, Quận 1, Hồ Chí Minh, Việt Nam, 71007","9,4",83,9.3,10.0,9.8,9.1,9.3,1,0,0,1,0,0,0,1,1,Không có giá trước,833.333
Toàn bộ nhà riêng - Nguyên căn 3 phòng ngủ 4wc (Toan bo nha rieng - Nguyen can 3 phong ngu 4wc),"Quận 1, Hồ Chí Minh, Việt Nam",Không có điểm đánh giá,Không có số nhận xét,Không có,Không có,Không có,Không có,Không có,0,0,0,1,0,0,0,1,0,Không có giá trước,5.395.669
"Căn hộ 60 m² 2 phòng ngủ, 2 phòng tắm riêng ở Bình Thạnh (Relax and Comfortable)","Bình Thạnh, Hồ Chí Minh, Việt Nam",Không có điểm đánh giá,Không có số nhận xét,Không có,Không có,Không có,Không có,Không có,1,0,0,1,0,0,0,0,1,Không có giá trước,1.282.791
Studio Babu,"Quận 1, Hồ Chí Minh, Việt Nam","7,6",2,5.0,10.0,5.0,2.5,5.0,0,0,0,0,0,0,0,0,0,Không có giá trước,370.370
Bình Chánh Serviced Apartment (Binh Chanh Serviced Apartment),"57 Đường D3, Khu Phong Phú 4, Huyện Bình Chánh, Phong Phú, Hồ Chí Minh, Việt Nam",Không có điểm đánh giá,Không có số nhận xét,Không có,Không có,Không có,Không có,Không có,0,0,0,0,0,0,0,1,1,Không có giá trước,324.074
"Mini Hotel 1Br in D1-Park View,near BuiVien Street","118 Lê Lai, Quận 1, Hồ Chí Minh, Việt Nam, 71000","4,7",3,7.5,4.2,5.0,3.3,4.2,0,0,0,0,0,0,0,1,1,Không có giá trước,Không có giá sau
"Căn hộ 100 m² 3 phòng ngủ, 2 phòng tắm riêng ở Quận 2 (Masteri TD Peaceful 3Br Apt #Panorama River View)","Quận 2, Hồ Chí Minh, Việt Nam",Không có điểm đánh giá,Không có số nhận xét,Không có,Không có,Không có,Không có,Không có,1,0,0,1,0,1,0,0,1,5.630.000,1.806.755
Rivergate Apartment Saigon,"151 Đường Bến Vân Đồn, Quận 1, Hồ Chí Minh, Việt Nam","8,7",9,6.0,Không có,8.0,8.0,8.0,1,0,1,1,0,0,0,1,1,1.009.000,908.333
"Căn hộ 72 m² 2 phòng ngủ, 2 phòng tắm riêng ở Tân Phú (LuckyHome Căn hộ 2 phòng ngủ gần Aeon Mall Tân Phú)","Tân Phú, Hồ Chí Minh, Việt Nam",Không có điểm đánh giá,Không có số nhận xét,Không có,Không có,Không có,Không có,Không có,1,0,0,0,0,0,0,0,0,1.800.000,963.972
KALA - Millennium Near Ben Thanh Market and District 1,"132 Đường Bến Vân Đồn, Quận 4, Hồ Chí Minh, Việt Nam","8,4",3,10.0,9.2,7.5,8.3,8.3,1,0,0,1,0,0,0,1,0,Không có giá trước,2.333.333
I Riverside A202 I Spacious Studio w kitchen,"Quận 2, Hồ Chí Minh, Việt Nam",10,2,10.0,10.0,10.0,10.0,10.0,1,0,0,1,0,0,0,0,0,Không có giá trước,490.000
Homestay - VINHOMES,"14 Đường T2, Quận 9, Hồ Chí Minh, Việt Nam, 71200","9,3",6,9.2,10.0,9.2,9.2,10.0,0,0,0,0,0,0,0,1,1,578.920,423.086
Golden Palm Hotel,"33 Bạch Đằng Phường 2, Quận Tân Bình, Tân Bình, Hồ Chí Minh, Việt Nam, 70000","7,0",119,7.4,6.0,5.9,4.8,5.5,0,0,0,0,1,1,1,1,1,Không có giá trước,507.055
"Biệt thự 600 m² 3 phòng ngủ, 3 phòng tắm riêng ở Quận Tân Bình (High class garden villa - quiet and fresh to relax)","Tân Bình, Hồ Chí Minh, Việt Nam",Không có điểm đánh giá,Không có số nhận xét,Không có,Không có,Không có,Không có,Không có,1,0,0,1,0,0,0,1,0,Không có giá trước,Không có giá sau
Oasis Central - Soho CBD Apartment,"100 Cô Giang C.6.06, Quận 1, Hồ Chí Minh, Việt Nam, 700000","9,3",35,9.5,9.3,9.2,9.2,9.3,1,0,0,1,0,1,0,1,0,Không có giá trước,1.284.794
King Penhouse Duplex-3BR,"Quận 2, Hồ Chí Minh, Việt Nam",10,2,10.0,10.0,10.0,10.0,10.0,1,0,0,1,0,0,0,1,1,3.055.988,3.000.000
Pony Bliss Haven - Sư Vạn Hạnh (Pony Bliss Haven - Su Van Hanh),"hẻm 525 Đ. Sư Vạn Hạnh, Quận 10, Hồ Chí Minh, Việt Nam","9,4",21,9.5,9.5,9.5,9.6,9.5,0,0,0,0,0,0,0,1,1,528.513,477.273
Sunrise City View,"Quận 7, Hồ Chí Minh, Việt Nam","9,0",6,9.6,8.8,9.2,8.8,8.8,1,0,0,1,0,0,0,0,1,Không có giá trước,1.000.000
Khách Sạn Ánh Nguyệt 1 (Khach San Anh Nguyet 1),"86 Đường Trần Khắc Chân, Quận 1, Hồ Chí Minh, Việt Nam","9,4",4,8.8,7.5,6.3,6.9,6.9,0,0,0,0,0,0,1,1,0,416.018,351.852
"Căn hộ 79 m² 2 phòng ngủ, 2 phòng tắm riêng ở Quận 2 (Masteri 2Br Modern With City View & #Near CBD)","Quận 2, Hồ Chí Minh, Việt Nam",Không có điểm đánh giá,Không có số nhận xét,Không có,Không có,Không có,Không có,Không có,1,0,0,1,0,1,0,0,1,4.130.000,1.321.374
Nicecy Apartment - Sai Gon City,"345 Tran Hung Dao Street, Cau Kho Ward, Quận 1, Hồ Chí Minh, Việt Nam, 700000","8,1",164,8.1,8.4,7.7,Không có,7.0,1,1,1,1,1,0,1,1,1,2.966.918,735.968
Oasis Central - Soho CBD Apartment,"100 Cô Giang C.6.06, Quận 1, Hồ Chí Minh, Việt Nam, 700000","9,3",35,9.5,9.3,9.2,9.2,9.3,1,0,0,1,0,1,0,1,0,Không có giá trước,1.284.794
King Penhouse Duplex-3BR,"Quận 2, Hồ Chí Minh, Việt Nam",10,2,10.0,10.0,10.0,10.0,10.0,1,0,0,1,0,0,0,1,1,3.055.988,3.000.000
Pony Bliss Haven - Sư Vạn Hạnh (Pony Bliss Haven - Su Van Hanh),"hẻm 525 Đ. Sư Vạn Hạnh, Quận 10, Hồ Chí Minh, Việt Nam","9,4",21,9.5,9.5,9.5,9.6,9.5,0,0,0,0,0,0,0,1,1,528.513,477.273
"Saigon Cozy Home "" At BuiVien Walking Street ""","241/35 Đường Phạm Ngũ Lão, Quận 1, Hồ Chí Minh, Việt Nam","8,8",175,9.4,9.6,8.9,8.5,8.8,1,0,0,0,0,0,0,1,0,Không có giá trước,Không có giá sau
Sunrise City View,"Quận 7, Hồ Chí Minh, Việt Nam","9,0",6,9.6,8.8,9.2,8.8,8.8,1,0,0,1,0,0,0,0,1,Không có giá trước,1.000.000
Khách Sạn Ánh Nguyệt 1 (Khach San Anh Nguyet 1),"86 Đường Trần Khắc Chân, Quận 1, Hồ Chí Minh, Việt Nam","9,4",4,8.8,7.5,6.3,6.9,6.9,0,0,0,0,0,0,1,1,0,416.018,351.852
"Căn hộ 79 m² 2 phòng ngủ, 2 phòng tắm riêng ở Quận 2 (Masteri 2Br Modern With City View & #Near CBD)","Quận 2, Hồ Chí Minh, Việt Nam",Không có điểm đánh giá,Không có số nhận xét,Không có,Không có,Không có,Không có,Không có,1,0,0,1,0,1,0,0,1,4.130.000,1.321.374
Nicecy Apartment - Sai Gon City,"345 Tran Hung Dao Street, Cau Kho Ward, Quận 1, Hồ Chí Minh, Việt Nam, 700000","8,1",164,8.1,8.4,7.7,6.9,7.0,1,1,1,1,1,0,1,1,1,2.966.918,735.968
"Căn hộ 109 m² 3 phòng ngủ, 2 phòng tắm riêng ở Bình Thạnh (3 Bedroom Landmark Plus Apartment Luxury Vinhome)","Bình Thạnh, Hồ Chí Minh, Việt Nam",Không có điểm đánh giá,Không có số nhận xét,Không có,Không có,Không có,Không có,Không có,1,0,0,1,0,1,0,0,1,Không có giá trước,Không có giá sau
"Căn hộ 60 m² 2 phòng ngủ, 1 phòng tắm riêng ở Quận 9 (MAY HOUSE Căn hộ Vinhomes Grand Park Quận 9)","Quận 9, Hồ Chí Minh, Việt Nam",Không có điểm đánh giá,Không có số nhận xét,Không có,Không có,Không có,Không có,Không có,1,0,0,1,0,1,0,0,0,1.381.663,883.111
"Căn hộ 65 m² 2 phòng ngủ, 2 phòng tắm riêng ở Quận 2 (Wonderful 2 BR condo in T1 Masteri Thao Dien)","Quận 2, Hồ Chí Minh, Việt Nam",Không có điểm đánh giá,Không có số nhận xét,Không có,Không có,Không có,Không có,Không có,1,0,0,1,0,1,0,0,0,Không có giá trước,1.042.428
Vinhomes Grand Park Quận 9-Plus 2PN-View Hồ Bơi và Công Viên (Vinhomes Grand Park Quan 9-Plus 2PN-View Ho Boi va Cong Vien),"Quận 9, Hồ Chí Minh, Việt Nam","6,9",8,7.5,7.5,8.0,8.5,8.5,1,0,0,1,0,1,0,0,1,Không có giá trước,1.029.458
Lux Executive Residence at City Garden by CIRCADIAN,"59 Ngô Tất Tố, Phuong 21, Binh Thanh, Bình Thạnh, Hồ Chí Minh, Việt Nam","9,5",7,10.0,10.0,8.5,10.0,10.0,1,0,0,1,0,1,0,1,1,1.869.808,1.848.704
Rita Hotel HCM,"11 Đ. Trần Quốc Hoàn, Phường 4, Tân Bình, Hồ Chí Minh, Việt Nam, 100000","7,2",1,6.0,8.0,6.0,6.0,10.0,0,0,0,0,0,1,1,1,1,Không có giá trước,Không có giá sau
"Căn hộ 80 m² 2 phòng ngủ, 1 phòng tắm riêng ở Quận 4 (Homet Saigon - RiverGate)","Quận 4, Hồ Chí Minh, Việt Nam",Không có điểm đánh giá,Không có số nhận xét,Không có,Không có,Không có,Không có,Không có,1,0,0,1,0,1,0,0,1,3.020.349,2.961.060
Khách sạn Thiên Phú (Thien Phu 2 Hotel),"78 Phan Huy Ích, Ward 15, Tân Bình, Tân Bình, Hồ Chí Minh, Việt Nam, 70000","7,1",149,7.5,7.7,7.5,6.8,7.0,1,1,0,1,1,0,1,1,1,399.989,299.680
Căn hộ S701 Origami Vinhomes Grand Park (Can ho S701 Origami Vinhomes Grand Park),"Quận 9, Hồ Chí Minh, Việt Nam",Không có điểm đánh giá,Không có số nhận xét,Không có,Không có,Không có,Không có,Không có,1,0,0,1,0,0,0,0,1,Không có giá trước,597.426
"Nhà riêng 34 m² 1 phòng ngủ, 1 phòng tắm riêng ở Quận 4 (Lucci House-Studio 34m-Millennium-D4-Free Swim)","Quận 4, Hồ Chí Minh, Việt Nam","8,0",1,8.0,8.0,8.0,8.0,8.0,1,0,0,0,0,0,0,0,0,1.087.530,1.027.971
Heyday apartment,"249 Đường Đinh Bộ Lĩnh, Bình Thạnh, Hồ Chí Minh, Việt Nam, 07000",10,2,10.0,10.0,10.0,10.0,10.0,1,0,0,0,0,0,0,1,1,Không có giá trước,508.750
"Nhà mặt đất 38 m² 1 phòng ngủ, 1 phòng tắm riêng ở Quận 1 (MH Service Apartment with bedroom type and balcony)","Quận 1, Hồ Chí Minh, Việt Nam","6,8",1,8.0,8.0,6.0,4.0,8.0,1,0,0,1,0,0,0,0,0,5.442.877,5.336.033
Khách Sạn Minh Châu - Điện Biên Phủ (Minh Chau Hotel Dien Bien Phu),"611/18 Điện Biên Phủ, Quận 3, Quận 3, Hồ Chí Minh, Việt Nam","7,2",260,6.6,7.1,7.3,6.4,6.8,0,0,0,0,0,0,1,1,1,Không có giá trước,Không có giá sau
Studio S803,"Quận 9, Hồ Chí Minh, Việt Nam",Không có điểm đánh giá,Không có số nhận xét,Không có,Không có,Không có,Không có,Không có,1,0,0,0,0,0,0,0,1,Không có giá trước,891.544
"Căn hộ 1PN S501, Rainbow Vinhomes Grand Park (Can ho 1PN S501, Rainbow Vinhomes Grand Park)","Quận 9, Hồ Chí Minh, Việt Nam",Không có điểm đánh giá,Không có số nhận xét,Không có,Không có,Không có,Không có,Không có,1,0,0,1,0,1,0,0,1,Không có giá trước,597.426
GREEN FERRY HOTEL (Green Ferry Hotel),"Vĩnh Phú 17 A Thị Xã Thuận An tỉnh Bình Dương, Vinh Phú, Thuận An, Việt Nam",Không có điểm đánh giá,Không có số nhận xét,Không có,Không có,Không có,Không có,Không có,0,0,0,0,0,0,0,1,0,Không có giá trước,Không có giá sau
"Ha Đo Centrosa Building , Ba Thang Hai street, distrist 10","200 Đường 3 Tháng 2, Quận 10, Hồ Chí Minh, Việt Nam","8,1",11,9.0,9.7,8.8,8.8,9.4,1,0,0,1,0,1,0,1,1,Không có giá trước,1.342.593
LuxeNest VN,"Quận 9, Hồ Chí Minh, Việt Nam",10,2,10.0,10.0,10.0,10.0,10.0,1,0,0,1,0,1,0,1,1,645.336,428.424
D4 - Millenium - luxury apartment,"Quận 4, Hồ Chí Minh, Việt Nam",Không có điểm đánh giá,Không có số nhận xét,Không có,Không có,Không có,Không có,Không có,1,0,0,1,0,1,0,0,0,Không có giá trước,1.018.519
Mai Hotel SG- by BAY LUXURY,"212B/23E Đ. Nguyễn Trãi, Quận 1, Hồ Chí Minh, Việt Nam","4,0",1,4.0,4.0,4.0,4.0,4.0,0,0,0,0,0,0,0,1,0,Không có giá trước,728.012
"Căn hộ 47 m² 1 phòng ngủ, 1 phòng tắm riêng ở Quận 9 (S301 khu đô thị Vinhomes Grand Park Quận 9)","Quận 9, Hồ Chí Minh, Việt Nam",Không có điểm đánh giá,Không có số nhận xét,Không có,Không có,Không có,Không có,Không có,1,0,0,1,0,1,0,0,1,888.889,748.321
"Căn hộ 35 m² 1 phòng ngủ, 1 phòng tắm riêng ở Quận 9 (Vinhome Grand Park Homestay-Sweet Home Origami)","To&#224; S10.03, Vinhome Grand Park, P. Long B&#236;nh, Q9, Tp. Hồ Ch&#237; Minh, Việt Nam, Quận 9, Hồ Chí Minh, Việt Nam, 72100","7,8",43,7.0,8.0,8.0,7.7,8.2,1,0,1,1,1,1,1,1,1,Không có giá trước,502.558
Quỳnh Hương Hotel SG - by BAY LUXURY (Quynh Huong Hotel SG - by BAY LUXURY),"206B ÄÆ°á»ng Phan ÄÄng LÆ°u, Phú Nhuận, Hồ Chí Minh, Việt Nam","5,1",2,7.5,7.5,5.0,2.5,2.5,0,0,0,0,0,0,0,1,0,675.407,507.206
57 hoa lan,"Phú Nhuận, Hồ Chí Minh, Việt Nam",Không có điểm đánh giá,Không có số nhận xét,Không có,Không có,Không có,Không có,Không có,1,0,0,1,0,0,0,0,0,Không có giá trước,409.091
Sabina Hotel & Apartment in Ho Chi Minh,"32-34 Khu Pho Hung Gia 1 Street, Tan Phong Ward, District 7, Quận 7, Hồ Chí Minh, Việt Nam",Không có điểm đánh giá,Không có số nhận xét,Không có,Không có,Không có,Không có,Không có,0,0,0,0,0,0,0,1,0,812.085,693.399
Hotel Nguyen Anh,"98 Nguyen Tat Thanh, Phuong Hoa Lu, Tp.Pleiku, Tinh Gia Lai, Pleiku, Pleiku (Gia Lai), Việt Nam",Không có điểm đánh giá,Không có số nhận xét,Không có,Không có,Không có,Không có,Không có,0,0,0,0,0,0,0,1,0,Không có giá trước,Không có giá sau
Sweet Rentals Homes - Netflix & walkin to Bui Vien,"214/B14D Đ. Nguyễn Trãi, Phường Nguyễn Cư Trinh, Quận 1, Hồ Chí Minh, Việt Nam","8,6",35,4.0,8.0,Không có,6.0,4.0,1,0,0,0,0,0,1,1,0,931.060,365.223
Khách sạn Phan Anh - Phố đi bộ Bùi Viện (Phan Anh Hotel - Bui Vien Walking Street),"373/6 Pham Ngu Lao, Pham Ngu Lao ward, Quận 1, Hồ Chí Minh, Việt Nam, 70000","8,3",1374,8.4,8.3,8.5,7.7,8.5,0,1,0,0,1,0,1,1,1,Không có giá trước,Không có giá sau
"Căn hộ 50 m² 1 phòng ngủ, 1 phòng tắm riêng ở Quận 1 (One bed Apart @ Ben Thanh, Balcony-Gym,142)","Quận 1, Hồ Chí Minh, Việt Nam",10,2,10.0,10.0,10.0,10.0,10.0,1,0,0,1,0,1,0,0,0,Không có giá trước,2.593.571
"Căn hộ 71 m² 2 phòng ngủ, 2 phòng tắm riêng ở Quận 9 (Căn hộ CC 5sao Lumiere Vincom Thủ Đức)","Quận 9, Hồ Chí Minh, Việt Nam",Không có điểm đánh giá,Không có số nhận xét,Không có,Không có,Không có,Không có,Không có,1,0,0,1,0,1,0,1,1,2.950.000,1.713.298
"Căn hộ 42 m² 1 phòng ngủ, 1 phòng tắm riêng ở Quận 4 (Lucci House-Studio42m2-Millennium-Free Swim-D4)","Quận 4, Hồ Chí Minh, Việt Nam",Không có điểm đánh giá,Không có số nhận xét,Không có,Không có,Không có,Không có,Không có,1,0,0,0,0,1,0,0,1,Không có giá trước,1.166.893
"Chung cư 32 m² 1 phòng ngủ, 1 phòng tắm riêng ở Quận 1 (STUDIO RIVERGATE - FREE POOL)","Quận 1, Hồ Chí Minh, Việt Nam","7,2",18,7.7,7.3,8.0,8.1,7.9,1,0,0,1,0,0,0,0,0,1.611.111,889.195
Khách sạn Hương Mai GA SAI GON,"204 Nguyễn Phúc Nguyên, Hương Mai, Quận 3, Hồ Chí Minh, Việt Nam","8,0",114,9.3,9.2,9.1,8.7,9.3,0,0,0,0,0,0,1,1,1,Không có giá trước,509.259
"Căn hộ 90 m² 2 phòng ngủ, 2 phòng tắm riêng ở Bình Thạnh (park 7-05.02 2PN)","Bình Thạnh, Hồ Chí Minh, Việt Nam","9,6",1,10.0,10.0,10.0,10.0,8.0,1,0,0,1,0,1,0,0,1,4.058.485,2.548.616
"Căn hộ 130 m² 3 phòng ngủ, 2 phòng tắm riêng ở Quận 4 (High-class comfortable apartment 3Br)","Quận 4, Hồ Chí Minh, Việt Nam",Không có điểm đánh giá,Không có số nhận xét,Không có,Không có,Không có,Không có,Không có,1,0,0,1,0,1,0,0,0,3.781.027,2.380.394
Sea STARS,"Quận 7, Hồ Chí Minh, Việt Nam",Không có điểm đánh giá,Không có số nhận xét,Không có,Không có,Không có,Không có,Không có,1,0,0,1,0,0,0,0,0,Không có giá trước,3.181.818
Kim Cương (Kim Cuong),"Quận 1, Hồ Chí Minh, Việt Nam","7,0",2,10.0,6.3,8.8,5.0,6.3,0,0,0,0,0,0,0,0,0,Không có giá trước,370.370
Căn hộ Jenny Luxury - Vinhomes Central Park (Jenny Luxury Apartment - Vinhomes Central Park),"208 Nguyễn Hữu Cảnh, phường 22, Bình Thạnh, Hồ Chí Minh, Việt Nam, 70000","6,6",36,7.7,6.6,6.6,6.6,6.4,1,0,1,1,0,1,1,1,1,4.000.000,2.275.527
Căn hộ Studio GH1 Vinhomes Grand Park (Can ho Studio GH1 Vinhomes Grand Park),"Quận 9, Hồ Chí Minh, Việt Nam",Không có điểm đánh giá,Không có số nhận xét,Không có,Không có,Không có,Không có,Không có,1,0,0,1,0,1,0,0,1,Không có giá trước,505.515
LION BENTHUOSE,"Phước Kiển, Hồ Chí Minh, Việt Nam",Không có điểm đánh giá,Không có số nhận xét,Không có,Không có,Không có,Không có,Không có,1,0,0,1,0,0,0,1,0,Không có giá trước,4.188.636
"Vinhomes Central Park (Vinhomes Tan Cang) - Fully furnished apartment, right in the shopping center","208 Đường Nguyễn Hữu Cảnh, Bình Thạnh, Hồ Chí Minh, Việt Nam",Không có điểm đánh giá,Không có số nhận xét,Không có,Không có,Không có,Không có,Không có,1,0,0,1,0,0,0,1,1,Không có giá trước,1.944.444
"Căn hộ 90 m² 2 phòng ngủ, 2 phòng tắm riêng ở Bình Thạnh (park 7-05.02 2PN)","Bình Thạnh, Hồ Chí Minh, Việt Nam","9,6",1,10.0,10.0,10.0,10.0,8.0,1,0,0,1,0,1,0,0,1,4.058.485,2.548.616
"Căn hộ 130 m² 3 phòng ngủ, 2 phòng tắm riêng ở Quận 4 (High-class comfortable apartment 3Br)","Quận 4, Hồ Chí Minh, Việt Nam",Không có điểm đánh giá,Không có số nhận xét,Không có,Không có,Không có,Không có,Không có,1,0,0,1,0,1,0,0,0,3.781.027,2.380.394
Sea STARS,"Quận 7, Hồ Chí Minh, Việt Nam",Không có điểm đánh giá,Không có số nhận xét,Không có,Không có,Không có,Không có,Không có,1,0,0,1,0,0,0,0,0,Không có giá trước,3.181.818
Căn hộ dịch vụ Vườn Trà (Tea Garden - Serviced Apartment),"108/69A Trần Quang Diệu, Quận 3, Hồ Chí Minh, Việt Nam, 70000","6,9",4,6.0,6.0,7.5,7.5,7.5,1,0,0,1,0,0,1,1,0,Không có giá trước,Không có giá sau
Kim Cương (Kim Cuong),"Quận 1, Hồ Chí Minh, Việt Nam","7,0",2,10.0,6.3,8.8,5.0,6.3,0,0,0,0,0,0,0,0,0,Không có giá trước,370.370
Căn hộ Jenny Luxury - Vinhomes Central Park (Jenny Luxury Apartment - Vinhomes Central Park),"208 Nguyễn Hữu Cảnh, phường 22, Bình Thạnh, Hồ Chí Minh, Việt Nam, 70000","6,6",36,7.7,6.6,6.6,6.6,6.4,1,0,1,1,0,1,1,1,1,4.000.000,2.275.527
Căn hộ Studio GH1 Vinhomes Grand Park (Can ho Studio GH1 Vinhomes Grand Park),"Quận 9, Hồ Chí Minh, Việt Nam",Không có điểm đánh giá,Không có số nhận xét,Không có,Không có,Không có,Không có,Không có,1,0,0,1,0,1,0,0,1,Không có giá trước,Không có giá sau
LION BENTHUOSE,"Phước Kiển, Hồ Chí Minh, Việt Nam",Không có điểm đánh giá,Không có số nhận xét,Không có,Không có,Không có,Không có,Không có,1,0,0,1,0,0,0,1,0,Không có giá trước,4.188.636
"Vinhomes Central Park (Vinhomes Tan Cang) - Fully furnished apartment, right in the shopping center","208 Đường Nguyễn Hữu Cảnh, Bình Thạnh, Hồ Chí Minh, Việt Nam",Không có điểm đánh giá,Không có số nhận xét,Không có,Không có,Không có,Không có,Không có,1,0,0,1,0,0,0,1,1,Không có giá trước,1.944.444
Căn hộ 2PN1WC Masterise Center Point (Can ho 2PN1WC Masterise Center Point),"Quận 9, Hồ Chí Minh, Việt Nam","7,6",1,7.5,7.5,7.5,7.5,7.5,1,0,0,1,0,0,0,0,1,Không có giá trước,597.426
"Căn hộ 88 m² 2 phòng ngủ, 2 phòng tắm riêng ở Tân Phú (Căn hộ 2 Phòng ngủ cao cấp Diamond Alnata Plus )","Tân Phú, Hồ Chí Minh, Việt Nam",Không có điểm đánh giá,Không có số nhận xét,Không có,Không có,Không có,Không có,Không có,1,0,0,1,0,1,0,0,1,1.800.000,1.558.333
Chery honmestay Căn Hộ 1phòng Ngủ Be Vinhomes Quận 9 (Chery honmestay Can Ho 1phong Ngu Be Vinhomes Quan 9),"Quận 9, Hồ Chí Minh, Việt Nam",Không có điểm đánh giá,Không có số nhận xét,Không có,Không có,Không có,Không có,Không có,1,0,0,1,0,0,0,0,1,Không có giá trước,697.297
"Căn hộ 20 m² 1 phòng ngủ, 1 phòng tắm riêng ở Quận 1 (We Home-jp501 cozy studio with bathtub -D1)","Quận 1, Hồ Chí Minh, Việt Nam","6,9",3,6.7,8.0,6.7,6.7,6.7,1,0,0,0,0,0,0,0,0,1.111.111,1.078.211
Annam Boutique Hotel,"Bùi Thị Xuân, Quận 1, Hồ Chí Minh, Việt Nam, 7000000",Không có điểm đánh giá,Không có số nhận xét,Không có,Không có,Không có,Không có,Không có,0,0,0,0,0,0,0,1,0,Không có giá trước,Không có giá sau
"Căn hộ 90 m² 2 phòng ngủ, 2 phòng tắm riêng ở Bình Thạnh (Landmark 1-41.08)","Bình Thạnh, Hồ Chí Minh, Việt Nam",Không có điểm đánh giá,Không có số nhận xét,Không có,Không có,Không có,Không có,Không có,1,0,0,1,0,1,0,0,1,2.935.885,2.717.276
Night Owl - Thu Khoa Huan,"24/17 Hem 24 Thủ Khoa Huân, Quận 1, Hồ Chí Minh, Việt Nam, 71009",10,11,10.0,10.0,10.0,10.0,10.0,0,0,0,0,0,0,0,1,1,Không có giá trước,916.667
Crowne Hotel,"Quận 1, Hồ Chí Minh, Việt Nam","3,7",1,2.5,5.0,2.5,5.0,5.0,0,0,0,0,0,0,0,0,0,Không có giá trước,636.364
Khách sạn HANZ Hoa Hướng Dương (HANZ Hoa Huong Duong Hotel),"821 Lê Hồng Phong, Phường 12, Quận 10, Quận 10, Hồ Chí Minh, Việt Nam, 70000","6,9",71,7.0,6.8,6.8,Không có,6.9,1,0,0,0,1,1,1,1,1,1.200.000,483.640
"Chung cư 75 m² 2 phòng ngủ, 2 phòng tắm riêng ở Bình Thạnh (Vinhomes Central Park 2-Br)","Bình Thạnh, Hồ Chí Minh, Việt Nam","5,7",6,6.8,5.6,6.0,5.2,5.6,1,0,0,1,0,1,0,0,1,2.319.980,2.089.698
Mastery Hotel Nhà Bè (Mastery Hotel Nha Be),"607 Đường Nguyễn Văn Tạo, Phước Kiển, Hồ Chí Minh, Việt Nam",Không có điểm đánh giá,Không có số nhận xét,Không có,Không có,Không có,Không có,Không có,0,0,0,0,0,0,1,1,1,Không có giá trước,670.833
"Căn hộ m² 2 phòng ngủ, 2 phòng tắm riêng ở Bình Thạnh (Central 2, Landmark81,VinhomesCentralPark,CityView)","Bình Thạnh, Hồ Chí Minh, Việt Nam",Không có điểm đánh giá,Không có số nhận xét,Không có,Không có,Không có,Không có,Không có,1,0,0,1,0,1,0,0,1,Không có giá trước,2.080.995
Midas Hotel 3,"11 Nguyễn Văn Lạc, Phường 19 , Bình Thạnh, Hồ Chí Minh, Việt Nam, 72355","8,9",5,8.4,10.0,8.4,8.4,9.2,0,0,0,0,0,0,1,1,1,1.000.000,443.386
Khoi Homestay,"373/9 Phạm Ngũ Lão, Quận 1, Hồ Chí Minh, Việt Nam","7,6",82,8.4,8.4,8.4,7.7,7.2,0,0,0,0,0,0,0,1,0,1.481.481,370.370
Khách Sạn Sài Gòn River Boutique (Saigon River Boutique Hotel),"58 Mạc Thị Bưởi, Phường Bến Nghé, Quận 01, Quận 1, Hồ Chí Minh, Việt Nam, 70000","7,9",461,9.0,8.4,7.9,6.6,7.8,0,1,0,0,1,0,1,1,1,Không có giá trước,Không có giá sau
StayX Condotel,"midtown the peak, Quận 7, Hồ Chí Minh, Việt Nam, 72900","9,9",8,10.0,10.0,10.0,10.0,10.0,1,0,1,1,0,1,0,1,0,Không có giá trước,1.909.091
Nhà nghỉ Phát Đạt (Nha nghi Phat Đat),"Việt Nam 3, Tân Bình, Hồ Chí Minh, Việt Nam",Không có điểm đánh giá,Không có số nhận xét,Không có,Không có,Không có,Không có,Không có,0,0,0,1,0,0,0,1,1,Không có giá trước,277.778
Khách sạn Minh Quang,"303 Hoa Hảo, Phường 4, Quận 10, Thanh Phố Hồ Chi Minh, Quận 10, Hồ Chí Minh, Việt Nam, 72517","8,7",14,8.9,9.7,8.0,8.3,8.8,0,0,0,0,1,1,1,1,1,540.000,442.043
Triệu vũ huose (Trieu vu huose),"55/1/2 Đường Cây Keo, Thủ Đức, Hồ Chí Minh, Việt Nam, 5512",Không có điểm đánh giá,Không có số nhận xét,Không có,Không có,Không có,Không có,Không có,0,0,0,0,0,0,0,1,0,Không có giá trước,453.704
"Nhà riêng 100 m² 1 phòng ngủ, 2 phòng tắm riêng ở Quận 11 (THEA HOUSE in Saigon - phòng ngủ 2 người ấm áp)","Tân Bình, Hồ Chí Minh, Việt Nam",Không có điểm đánh giá,Không có số nhận xét,Không có,Không có,Không có,Không có,Không có,1,0,0,1,0,0,0,1,0,5.533.097,3.484.354
Nicecy Hotel - Daily,"220 Lê Thánh Tôn, Quận 1, Hồ Chí Minh, Việt Nam","8,4",16,9.5,8.6,Không có,Không có,8.0,0,0,0,0,1,0,1,1,0,Không có giá trước,936.738
Shi House -2BR Toà E Mesteri (Shi House -2BR Toa E Mesteri),"Quận 9, Hồ Chí Minh, Việt Nam",10,1,10.0,10.0,10.0,10.0,10.0,1,0,0,1,0,1,0,1,1,Không có giá trước,854.779
Chery Homestay Căn Hộ 1Phòng Ngủ Be3 Vinhomes grand Park quận 9 (Chery Homestay Can Ho 1Phong Ngu Be3 Vinhomes grand Park quan 9),"Quận 9, Hồ Chí Minh, Việt Nam",10,1,Không có,Không có,Không có,Không có,Không có,1,0,0,1,0,0,0,0,0,Không có giá trước,736.213
Landmark 81 Luxury Suite Apartment,"Bình Thạnh, Hồ Chí Minh, Việt Nam",10,3,10.0,10.0,10.0,10.0,10.0,1,0,0,1,0,1,0,0,0,Không có giá trước,1.363.636
Boutique Scenic Valley Hotel,"Đ. Nguyễn Văn Linh, Quận 7, Hồ Chí Minh, Việt Nam, 70000","7,5",7,7.4,7.7,7.1,7.7,7.4,1,1,1,1,0,1,1,1,1,Không có giá trước,Không có giá sau
Căn hộ Vinhomes Central Park - Rosa Apartment (Can ho Vinhomes Central Park - Rosa Apartment),"208 Nguyễn Hữu Cảnh, Bình Thạnh, Hồ Chí Minh, Việt Nam","6,8",20,10.0,7.5,7.5,8.0,7.5,1,0,0,1,0,0,0,1,1,Không có giá trước,1.018.519
ROYAL HOTEL.,"126/8 Nguyễn Du , Phường 7 , Gò Vấp, Gò Vấp, Hồ Chí Minh, Việt Nam, 700000","8,0",126,8.4,8.3,8.2,8.1,7.9,1,0,0,1,0,0,1,1,1,379.067,337.963
"Căn hộ 51 m² 1 phòng ngủ, 1 phòng tắm riêng ở Phú Nhuận (New star - Happy home)","Tân Bình, Hồ Chí Minh, Việt Nam",Không có điểm đánh giá,Không có số nhận xét,Không có,Không có,Không có,Không có,Không có,1,0,0,1,0,1,0,0,0,4.494.698,1.112.853
Hung Thanh Airport Hotel - Gần Siêu Thị Vincom Cộng Hoà (Hung Thanh Airport Hotel - Gan Sieu Thi Vincom Cong Hoa),"87 Nguyễn Thái Bình, Tân Bình, Hồ Chí Minh, Việt Nam, 72106","8,4",3,8.3,9.2,7.5,8.3,8.3,1,0,0,0,0,0,1,1,1,Không có giá trước,516.667
1BR Apt near Bui Vien Balcony & Washer 25,"Quận 1, Hồ Chí Minh, Việt Nam",Không có điểm đánh giá,Không có số nhận xét,Không có,Không có,Không có,Không có,Không có,0,0,0,1,0,0,0,1,1,Không có giá trước,543.636
King Hotel BuiVien,"59 Cô Giang, Quận 1, Hồ Chí Minh, Việt Nam, 700000","9,2",6,9.0,10.0,10.0,9.0,9.0,0,0,0,0,0,0,1,1,1,Không có giá trước,559.167
LynhApartment Free Pool Near TSN Airport Spacious 1BR,"Tân Bình, Hồ Chí Minh, Việt Nam",Không có điểm đánh giá,Không có số nhận xét,Không có,Không có,Không có,Không có,Không có,1,0,0,1,0,0,0,0,0,Không có giá trước,1.000.000
"Căn hộ 600 m² 9 phòng ngủ, 6 phòng tắm riêng ở Quận 2 (KN5 Villa An Phu)","Quận 2, Hồ Chí Minh, Việt Nam","9,2",2,10.0,10.0,10.0,10.0,10.0,1,0,0,1,0,0,0,0,0,Không có giá trước,17.326.631
"Căn hộ 200 m² 1 phòng ngủ, 1 phòng tắm riêng ở Quận 1 (D1 Hotel Japanese Art Deco CBD 3.0 Studio)","Quận 1, Hồ Chí Minh, Việt Nam","9,8",32,9.6,9.6,8.8,9.2,9.6,1,0,0,0,0,0,0,1,0,1.983.645,719.067
LUXURY HOTEL HẬU GIANG (LUXURY HOTEL HAU GIANG),"26 Đường Hậu Giang, Quận 6, Hồ Chí Minh, Việt Nam","8,7",23,9.8,9.3,9.1,9.1,9.3,0,0,0,0,1,0,1,1,1,Không có giá trước,634.259
APARTMENT AIRPORT - KING BED - Free Pool & Gym & Kids room,"Tân Bình, Hồ Chí Minh, Việt Nam",Không có điểm đánh giá,Không có số nhận xét,Không có,Không có,Không có,Không có,Không có,1,0,0,1,0,1,0,0,1,Không có giá trước,1.064.815
57 hoa lan,"Phú Nhuận, Hồ Chí Minh, Việt Nam","7,4",4,8.3,Không có,Không có,7.5,7.5,1,0,0,1,0,0,0,1,0,Không có giá trước,509.259
Du Homestay 1,"64 Nguyễn Ngọc Phương Phường 19, Bình Thạnh, Bình Thạnh, Hồ Chí Minh, Việt Nam","7,3",72,8.5,8.2,7.2,6.9,6.9,1,0,0,1,0,0,1,1,1,Không có giá trước,416.667
Căn hộ Studio S901 Vinhomes Grand Park (Can ho Studio S901 Vinhomes Grand Park),"Quận 9, Hồ Chí Minh, Việt Nam","9,7",2,10.0,10.0,10.0,8.8,10.0,1,0,0,1,0,0,0,0,1,389.408,386.029
Nhà của Trúc - Emerald Celadon City (Nha cua Truc - Emerald Celadon City),"Tân Phú, Hồ Chí Minh, Việt Nam",10,1,10.0,10.0,10.0,10.0,10.0,1,0,0,1,0,1,0,0,1,1.228.366,1.090.514
